M
DREBES & CIA.LTDA.                                                                                                            RESU2002   PAG.:    0
SISTEMA DE ESTOQUE                                                                                                            20 DEZ 2004    09:35
                                         RESUMO COM/VEN/EST - FILIAL 00 PERIODO DE 01/12/2004 A 19/12/2004
---------------------------------------------------------------------------------------------------------------------------------------------------
Classe Classe                      FISICO    FINANCEIRO    %/Par.   FISICO    FINANCEIRO   FISICO     FIN.VENDA     FIN.CUSTO       GIRO
------ ------------------------- -------- ------------- --------- -------- ------------- -------- ------------- ------------- ----------
   211 CALCA JEANS                      0          0.00      0.00        0          0.00       -2        -35.40        -30.47          ?
   212 CAMISETA                         4         95.47      0.00        0          0.00     -237     -4,086.40     -1,917.91     -42.80
   214 CAMISA                           4         69.73      0.00        0          0.00     -118     -2,656.30     -1,385.08     -38.09
   215 MOLETON                          1          0.00      0.00        0          0.00      128      1,270.20      1,321.10          ?
   216 BERMUDA                          8        180.46      0.00        0          0.00     -215     -4,598.70     -1,981.42     -25.48
   217 JAQUETAS                         0          0.00      0.00        0          0.00       -1       -179.00        -69.00          ?
   218 LA-BLUSAO                        0          0.00      0.00        0          0.00       -2        -54.90        -71.04          ?
   219 OUTROS                           0          0.00      0.00        0          0.00      -68     -1,306.10       -351.03          ?
---------------------------------------------------------------------------------------------------------------------------------------
T O T A I S ...............            17        345.66      0.00        0          0.00     -515    -11,646.60     -4,484.85    -33.69
---------------------------------------------------------------------------------------------------------------------------------------

   221 RELOGIOS                     1,077    116,249.49      1.55      120     13,170.00    5,453    507,426.40    242,827.32       4.36
   222 GUARDA-CHUVA                     1          9.90      0.00        0          0.00       -2        -19.80         -8.80      -2.00
   226 PASCOA                           0          0.00      0.00        0          0.00     -446     -1,261.80     -1,325.90          ?
   227 CADERNOS/FOLHA OFICIO            0          0.00      0.00        0          0.00      -66       -679.50       -332.38          ?
   229 OUTROS                           1         25.00      0.00        0          0.00       -1        -18.90        -11.32      -0.76
---------------------------------------------------------------------------------------------------------------------------------------
T O T A I S ...............         1,079    116,284.39      1.55      120     13,170.00    4,938    505,446.40    241,148.92      4.35
---------------------------------------------------------------------------------------------------------------------------------------

   231 BRINQUEDOS CONFECCOES       13,257    739,883.91      9.84    2,261     88,525.79   39,997   1785,788.32    903,791.46       2.41
   233 ARTIGOS NATAL                    2         81.00      0.00        0          0.00       -5       -135.00        -86.93      -1.67
---------------------------------------------------------------------------------------------------------------------------------------
T O T A I S ...............        13,259    739,964.91      9.84    2,261     88,525.79   39,992   1785,653.32    903,704.53      2.41
---------------------------------------------------------------------------------------------------------------------------------------

   249 OUTROS                           1         49.00      0.00        0          0.00        0          0.00          0.00       0.00
---------------------------------------------------------------------------------------------------------------------------------------
T O T A I S ...............             1         49.00      0.00        0          0.00        0          0.00          0.00      0.00
---------------------------------------------------------------------------------------------------------------------------------------

   252 CALCINHAS                        1          7.00      0.00        0          0.00       -2        -14.00         -6.40      -2.00
   254 MEIAS                            3         13.83      0.00        0          0.00      -92       -243.40       -152.97     -17.60
   259 OUTROS                           0          0.00      0.00        0          0.00      -11       -272.60       -118.94          ?
---------------------------------------------------------------------------------------------------------------------------------------
T O T A I S ...............             4         20.83      0.00        0          0.00     -105       -530.00       -278.31    -25.44
---------------------------------------------------------------------------------------------------------------------------------------

   261 CALCA                        1,357     67,708.71      0.90        0          0.00   15,388    791,991.30    329,100.43      11.70
   262 MODA SANTA CATARINA            644      7,901.37      0.11        0          0.00   10,130    326,660.70    125,786.14      41.34
   263 LA                             107      2,582.51      0.03        0          0.00    1,851     62,932.40     29,189.77      24.37
   264 MODA SAO PAULO                 470      6,829.19      0.09        0          0.00   10,601    410,175.04    157,987.68      60.06
   265 MODA JOVEM                      91      1,134.23      0.02        0          0.00    1,073     38,638.30     15,638.25      34.07
   266 PRAIA                        2,266     79,814.95      1.06    2,750     38,242.50   11,354    383,628.50    136,225.98       4.81
   267 NEW FREE FEMININO           14,994    554,321.10      7.37    8,713    147,388.62   80,183   3449,803.62   1279,636.05       6.22
   268 JAQUETA FEMININA                 2         75.68      0.00        0          0.00      776     49,387.90     19,660.87     652.59
   269 OUTROS                       1,048     11,098.25      0.15        0          0.00      -12     68,245.20     11,897.22       6.15
  2965 FASHION SC                   7,248    160,907.15      2.14    2,682     25,217.52   20,323    495,989.10    204,790.46       3.08
  2982 CLASSICA                    13,216    518,981.38      6.90    9,214    139,129.26   38,004   1646,600.30    634,934.38       3.17
  3003 BASICA                         942     43,545.56      0.58      840     16,166.40    4,344    192,446.70     77,722.74       4.42
  3011 FITNESS                      4,203    117,390.73      1.56    3,192     36,857.62   19,216    573,299.90    213,102.87       4.88
  3033 FASHION SP                   5,359    179,797.64      2.39    9,664    115,790.84   20,944    678,752.50    288,654.68       3.78
  3126 SURF                         1,280     43,827.74      0.58      958     14,072.00    6,851    240,857.40     90,827.29       5.50
---------------------------------------------------------------------------------------------------------------------------------------
T O T A I S ...............        53,227   1795,916.19     23.88   38,013    532,864.76  241,026   9409,408.86   3615,154.81      5.24
---------------------------------------------------------------------------------------------------------------------------------------

   271 CALCA JEANS                      0          0.00      0.00        0          0.00       14        147.70        170.72          ?
   272 MOLETON/CAMISA(ETA)              1         19.90      0.00        0          0.00       -2        -16.70        -11.41      -0.84
   273 LA/JAQUETAS/CASACOS             13        161.43      0.00        0          0.00    1,484     45,882.06     18,511.35     284.22
   274 CALCADOS                     8,944    279,507.97      3.72    3,480     58,358.40   38,726   1164,429.65    559,112.29       4.17
   275 MODA SANTA CATARINA         16,675    335,437.81      4.46    6,186     52,884.00   42,978    897,432.00    355,485.16       2.68
   276 TIP-TOP E BEBE                  43      1,177.71      0.02        0          0.00      490      3,210.60      1,775.95       2.73
   277 NEW FREE INFANTIL            7,440    213,695.71      2.84    1,963     25,200.80   38,738   1376,482.60    517,010.40       6.44
   278 MODA SAO PAULO               7,559    195,535.36      2.60    5,336     48,913.52   23,470    574,593.00    246,820.97       2.94
   279 OUTROS                       2,495     32,900.72      0.44      516      2,746.92   13,587    171,734.08     69,170.36       5.22
---------------------------------------------------------------------------------------------------------------------------------------
T O T A I S ...............        43,170   1058,436.61     14.08   17,481    188,103.64  159,485   4233,894.99   1768,045.79      4.00
---------------------------------------------------------------------------------------------------------------------------------------

   282 TENIS                            3         57.69      0.00        0          0.00       15        715.40        401.71      12.40
   283 SAPATO FEM                      13        293.08      0.00        0          0.00      122      7,996.40      3,763.08      27.28
   284 BOLSA                            4         57.00      0.00        0          0.00       33        495.00        541.83       8.68
   285 CINTOS                           0          0.00      0.00        0          0.00        2        289.07        112.85          ?
   286 CHINELOS                         1         26.34      0.00        0          0.00       -4        -58.60        -31.28      -2.22
   289 OUTROS                           0          0.00      0.00        0          0.00      -13       -219.60       -124.33          ?
---------------------------------------------------------------------------------------------------------------------------------------
T O T A I S ...............            21        434.11      0.00        0          0.00      155      9,217.67      4,663.86     21.23
---------------------------------------------------------------------------------------------------------------------------------------

  1001 REGATA                       5,962     96,795.39      1.29    6,530     31,390.50   17,398    268,113.60    109,332.07       2.77
  1008 CALCA JEANS                  3,284    166,789.51      2.22    1,615     40,213.50   16,163    758,525.65    345,407.04       4.55
  1018 CALCAS                       1,600     71,235.11      0.95      434     10,850.00    9,063    410,122.10    175,603.75       5.76
  1026 CAMISA                       7,968    243,436.98      3.24    4,372     72,098.75   32,818    968,987.70    391,277.00       3.98
  1047 LA                               0          0.00      0.00        0          0.00      172     12,083.10      4,868.10          ?
  1058 INVERNO PESADO                   0          0.00      0.00        0          0.00      227     16,058.90      6,119.52          ?
  1076 AGASALHO                       126      4,973.63      0.07      437     21,850.00    1,583    109,691.20     41,308.57      22.05
  1096 MOLETOM                          1         22.50      0.00        0          0.00    1,958     40,000.50     28,636.76   1,777.80
  1103 CAMISETA M/L                    14        157.98      0.00        0          0.00      202      5,044.00      2,156.96      31.93
  1134 CAMISETA M/C                11,456    292,974.59      3.90   18,280    155,991.00   41,138    959,771.50    381,855.26       3.28
  1147 BERMUDA                     15,176    472,088.02      6.28    5,861     75,270.51   45,144   1399,343.60    538,316.17       2.96
  1174 OUTROS                          70      1,804.06      0.02        0          0.00    1,283     73,902.77     16,659.51      40.96
---------------------------------------------------------------------------------------------------------------------------------------
T O T A I S ...............        45,657   1350,277.77     17.97   37,529    407,664.26  167,149   5021,644.62   2041,540.71      3.72
---------------------------------------------------------------------------------------------------------------------------------------

  1180 GUARDA CHUVA                   137      1,490.90      0.02        0          0.00      570      8,342.50      3,401.90       5.60
  1193 PANELAS                        429     35,291.76      0.47      806     22,973.42    1,980    139,615.90     67,496.93       3.96
  1211 MATERIAL ESCOLAR                 1         19.60      0.00    9,640     57,139.60   14,162    194,648.50     81,094.59   9,931.05
  1231 LOUCA                        1,003    112,242.85      1.49        0          0.00    2,234    194,855.70     94,203.91       1.74
  1239 INOX                           902     21,660.29      0.29        0          0.00    7,128    105,237.40     52,185.78       4.86
  1251 GARRAFA TERMICA                395     25,184.41      0.33        0          0.00    1,773     93,140.80     41,966.36       3.70
  3151 CAIXA BOMBOM                    24          0.24      0.00        0          0.00   16,374     38,680.44     68,158.42 161,168.50
  3156 OVOS                             2         43.90      0.00        0          0.00       65        930.20        621.59      21.19
  3197 COELHOS                          0          0.00      0.00        0          0.00      -29       -179.80        -81.52          ?
  3204 BARRA CHOCOLATES                 0          0.00      0.00        0          0.00      374        748.00        920.68          ?
  3209 CESTAS                           0          0.00      0.00        0          0.00    6,310     28,393.00     13,095.16          ?
  3280 NATAL                          673     15,340.27      0.20        0          0.00    3,318     58,137.50     22,520.29       3.79
---------------------------------------------------------------------------------------------------------------------------------------
T O T A I S ...............         3,566    211,274.22      2.80   10,446     80,113.02   54,260    862,550.14    445,584.09      4.08
---------------------------------------------------------------------------------------------------------------------------------------

  1258 COBERTOR                        71     11,486.84      0.15        0          0.00    1,737    287,113.00    125,334.03      24.99
  1270 EDREDON                        243     17,125.28      0.23        0          0.00    3,099    205,605.00     95,436.04      12.01
  1284 TOALHA                      34,820    434,910.17      5.78        0          0.00   51,213    685,855.94    308,524.14       1.58
  1309 JOGO LENCOL                  2,467    108,280.96      1.44    1,608     35,950.08   16,483    730,356.10    330,349.56       6.75
  1323 LENCOL DE BAIXO                696     12,714.08      0.17      420      3,678.00    7,246    126,644.60     56,144.88       9.96
  1335 COLCHA                          93      9,141.74      0.12      108      5,312.79      580     54,761.50     25,030.17       5.99
  1346 JOGOS COORDENADOS                1        631.35      0.01        0          0.00       17        801.50        535.67       1.27
  1351 TOALHA MESA                    454      7,609.41      0.10        0          0.00    2,324     42,016.70     18,590.64       5.52
  1359 TRAVESSEIRO                    833     17,388.06      0.23      300      2,382.00    1,873     34,753.80     13,882.56       2.00
  1365 FRONHA                         775      3,913.83      0.05      600      1,356.00    5,704     23,640.80      9,933.66       6.04
  1371 TAPETE                         219      8,816.42      0.12      120      2,544.00    1,080     34,537.20     15,455.57       3.92
  1379 PANO COPA                    2,068      7,143.88      0.09        0          0.00   18,212     65,824.75     29,862.48       9.21
---------------------------------------------------------------------------------------------------------------------------------------
T O T A I S ...............        42,740    639,162.02      8.49    3,156     51,222.87  109,568   2291,910.89   1029,079.40      3.59
---------------------------------------------------------------------------------------------------------------------------------------

  1385 SOUTIEN                      4,746     59,179.10      0.79    3,409     25,882.99   14,380    181,200.10     79,074.28       3.06
  1396 CALCINHA                     5,247     49,479.68      0.66    1,800      9,721.00   16,259    156,501.80     69,120.56       3.16
  1404 CUECAS                       5,064     65,450.14      0.87    1,920     10,662.40    8,620    111,446.40     50,781.87       1.70
  1413 MEIA                         6,049     48,086.24      0.64    1,164      4,316.88   38,928    272,456.72    112,884.07       5.67
  1441 PIJAMAS                        220      2,929.51      0.04        0          0.00    3,339     92,862.10     44,322.94      31.70
---------------------------------------------------------------------------------------------------------------------------------------
T O T A I S ...............        21,326    225,124.67      3.00    8,293     50,583.27   81,526    814,467.12    356,183.72      3.62
---------------------------------------------------------------------------------------------------------------------------------------

  1457 CALCADOS MASCULINOS          2,708    271,288.18      3.61    2,700    110,408.40   14,627   1407,047.50    717,530.60       5.19
  1465 TENIS                        5,036    373,538.76      4.97    4,656    152,603.28   41,184   2758,669.10   1268,077.17       7.39
  1487 SAPATOS FEMININOS           16,246    548,785.50      7.30    3,132     64,967.16   46,418   1812,692.10    841,936.69       3.30
  1523 BOLSA                          328     16,202.45      0.22      400      9,142.00    1,874     86,708.70     39,914.54       5.35
  1535 CINTOS                         919      9,812.46      0.13        0          0.00   12,257    163,111.30     74,727.08      16.62
  1542 CHINELOS                     7,139    163,511.07      2.17    2,100     31,180.20   25,958    562,059.20    268,134.95       3.44
---------------------------------------------------------------------------------------------------------------------------------------
T O T A I S ...............        32,376   1383,138.42     18.40   12,988    368,301.04  142,318   6790,287.90   3210,321.03      4.91
---------------------------------------------------------------------------------------------------------------------------------------

  3065 PRODUTOS DIVERSOS              112      1,264.85      0.02      535      6,851.90    3,058     27,399.59     28,292.18      21.66
---------------------------------------------------------------------------------------------------------------------------------------
T O T A I S ...............           112      1,264.85      0.02      535      6,851.90    3,058     27,399.59     28,292.18     21.66
---------------------------------------------------------------------------------------------------------------------------------------

---------------------------------------------------------------------------------------------------------------------------------------
T O T A L  G E R A L ......       256,555   7521,693.65    100.03  130,822   1787,400.55 1002,855  31739,645.10  13638,932.48      4.22
---------------------------------------------------------------------------------------------------------------------------------------
