M
DREBES & CIA.LTDA.                                                                                                            RESU2002   PAG.:    0
SISTEMA DE ESTOQUE                                                                                                            20 DEZ 2004    09:06
                                         RESUMO COM/VEN/EST - FILIAL 00 PERIODO DE 01/12/2004 A 20/12/2004
---------------------------------------------------------------------------------------------------------------------------------------------------
Classe Classe                      FISICO    FINANCEIRO    %/Par.   FISICO    FINANCEIRO   FISICO     FIN.VENDA     FIN.CUSTO       GIRO
------ ------------------------- -------- ------------- --------- -------- ------------- -------- ------------- ------------- ----------
   211 CALCA JEANS                      0          0.00      0.00        0          0.00       -2        -35.40        -30.47          ?
   212 CAMISETA                         4         95.47      0.00        0          0.00     -237     -4,086.40     -1,917.91     -42.80
   214 CAMISA                           4         69.73      0.00        0          0.00     -118     -2,656.30     -1,385.08     -38.09
   215 MOLETON                          1          0.00      0.00        0          0.00      128      1,270.20      1,321.10          ?
   216 BERMUDA                          8        180.46      0.00        0          0.00     -215     -4,598.70     -1,981.42     -25.48
   217 JAQUETAS                         0          0.00      0.00        0          0.00       -1       -179.00        -69.00          ?
   218 LA-BLUSAO                        0          0.00      0.00        0          0.00       -2        -54.90        -71.04          ?
   219 OUTROS                           0          0.00      0.00        0          0.00     -191     -1,908.80       -597.03          ?
---------------------------------------------------------------------------------------------------------------------------------------
T O T A I S ...............            17        345.66      0.00        0          0.00     -638    -12,249.30     -4,730.85    -35.44
---------------------------------------------------------------------------------------------------------------------------------------

   221 RELOGIOS                     1,085    117,254.47      1.55      120     13,170.00    5,453    507,426.40    242,827.32       4.33
   222 GUARDA-CHUVA                     1          9.90      0.00        0          0.00       -2        -19.80         -8.80      -2.00
   224 JOGO PANELA                      0          0.00      0.00        0          0.00       -3          0.00        -90.00          ?
   226 PASCOA                           0          0.00      0.00        0          0.00     -446     -1,261.80     -1,325.90          ?
   227 CADERNOS/FOLHA OFICIO            0          0.00      0.00        0          0.00      -66       -679.50       -332.38          ?
   229 OUTROS                           1         25.00      0.00        0          0.00      531      8,023.74     23,889.32     320.95
---------------------------------------------------------------------------------------------------------------------------------------
T O T A I S ...............         1,087    117,289.37      1.55      120     13,170.00    5,467    513,489.04    264,959.56      4.38
---------------------------------------------------------------------------------------------------------------------------------------

   231 BRINQUEDOS CONFECCOES       13,313    743,756.18      9.85    2,261     88,525.79   40,010   1786,501.32    904,135.66       2.40
   233 ARTIGOS NATAL                    2         81.00      0.00        0          0.00       -5       -135.00        -86.93      -1.67
---------------------------------------------------------------------------------------------------------------------------------------
T O T A I S ...............        13,315    743,837.18      9.85    2,261     88,525.79   40,005   1786,366.32    904,048.73      2.40
---------------------------------------------------------------------------------------------------------------------------------------

   241 COBERTORES/EDREDON               0          0.00      0.00        0          0.00        1          0.00          0.00          ?
   249 OUTROS                           1         49.00      0.00        0          0.00        0          0.00          0.00       0.00
---------------------------------------------------------------------------------------------------------------------------------------
T O T A I S ...............             1         49.00      0.00        0          0.00        1          0.00          0.00      0.00
---------------------------------------------------------------------------------------------------------------------------------------

   252 CALCINHAS                        1          7.00      0.00        0          0.00       -2        -14.00         -6.40      -2.00
   254 MEIAS                            3         13.83      0.00        0          0.00      -92       -243.40       -152.97     -17.60
   259 OUTROS                           0          0.00      0.00        0          0.00      -11       -272.60       -118.94          ?
---------------------------------------------------------------------------------------------------------------------------------------
T O T A I S ...............             4         20.83      0.00        0          0.00     -105       -530.00       -278.31    -25.44
---------------------------------------------------------------------------------------------------------------------------------------

   261 CALCA                        1,361     67,967.70      0.90        0          0.00   15,388    791,991.30    329,100.43      11.65
   262 MODA SANTA CATARINA            644      7,901.37      0.10        0          0.00   10,130    326,660.70    125,786.14      41.34
   263 LA                             109      2,620.62      0.03        0          0.00    1,851     62,932.40     29,189.77      24.01
   264 MODA SAO PAULO                 471      6,839.09      0.09        0          0.00   10,601    410,175.04    157,987.68      59.98
   265 MODA JOVEM                      91      1,134.23      0.02        0          0.00    1,073     38,638.30     15,638.25      34.07
   266 PRAIA                        2,279     80,281.49      1.06    2,750     38,242.50   11,354    383,628.50    136,225.98       4.78
   267 NEW FREE FEMININO           15,093    557,977.59      7.39    8,713    147,388.62   80,179   3449,615.52   1279,568.61       6.18
   268 JAQUETA FEMININA                 2         75.68      0.00        0          0.00      776     49,387.90     19,660.87     652.59
   269 OUTROS                       1,050     11,118.05      0.15        0          0.00      -18     68,125.80     11,843.22       6.13
  2965 FASHION SC                   7,295    161,851.53      2.14    2,682     25,217.52   20,318    495,882.80    204,747.29       3.06
  2982 CLASSICA                    13,304    522,491.94      6.92    9,214    139,129.26   37,998   1646,361.40    634,845.20       3.15
  3003 BASICA                         945     43,727.86      0.58      840     16,166.40    4,343    192,381.70     77,695.84       4.40
  3011 FITNESS                      4,232    118,143.98      1.57    3,192     36,857.62   19,214    573,241.00    213,080.81       4.85
  3033 FASHION SP                   5,400    181,179.40      2.40    9,664    115,790.84   20,943    678,732.60    288,647.18       3.75
  3126 SURF                         1,284     43,979.02      0.58      958     14,072.00    6,851    240,857.40     90,827.29       5.48
---------------------------------------------------------------------------------------------------------------------------------------
T O T A I S ...............        53,560   1807,289.55     23.93   38,013    532,864.76  241,001   9408,612.36   3614,844.56      5.21
---------------------------------------------------------------------------------------------------------------------------------------

   271 CALCA JEANS                      0          0.00      0.00        0          0.00       14        147.70        170.72          ?
   272 MOLETON/CAMISA(ETA)              1         19.90      0.00        0          0.00       -2        -16.70        -11.41      -0.84
   273 LA/JAQUETAS/CASACOS             13        161.43      0.00        0          0.00    1,484     45,882.06     18,511.35     284.22
   274 CALCADOS                     8,977    280,453.99      3.72    3,480     58,358.40   38,726   1164,429.65    559,112.29       4.15
   275 MODA SANTA CATARINA         16,770    337,210.46      4.47    6,186     52,884.00   42,982    897,510.70    355,516.96       2.66
   276 TIP-TOP E BEBE                  43      1,177.71      0.02        0          0.00      490      3,210.60      1,775.95       2.73
   277 NEW FREE INFANTIL            7,487    215,072.49      2.85    1,963     25,200.80   38,739   1376,496.50    517,015.74       6.40
   278 MODA SAO PAULO               7,601    196,573.28      2.60    5,336     48,913.52   23,472    574,633.90    246,836.97       2.92
   279 OUTROS                       2,521     33,188.71      0.44      516      2,746.92   13,587    171,734.08     69,170.36       5.17
---------------------------------------------------------------------------------------------------------------------------------------
T O T A I S ...............        43,413   1063,857.97     14.10   17,481    188,103.64  159,492   4234,028.49   1768,098.93      3.98
---------------------------------------------------------------------------------------------------------------------------------------

   282 TENIS                            3         57.69      0.00        0          0.00       15        715.40        401.71      12.40
   283 SAPATO FEM                      13        293.08      0.00        0          0.00      122      7,996.40      3,763.08      27.28
   284 BOLSA                            5         72.00      0.00        0          0.00       33        495.00        541.83       6.88
   285 CINTOS                           0          0.00      0.00        0          0.00        2        289.07        112.85          ?
   286 CHINELOS                         1         26.34      0.00        0          0.00       -4        -58.60        -31.28      -2.22
   289 OUTROS                           0          0.00      0.00        0          0.00      -13       -219.60       -124.33          ?
---------------------------------------------------------------------------------------------------------------------------------------
T O T A I S ...............            22        449.11      0.00        0          0.00      155      9,217.67      4,663.86     20.52
---------------------------------------------------------------------------------------------------------------------------------------

  1001 REGATA                       5,962     96,795.39      1.28    6,530     31,390.50   17,404    268,216.60    109,375.72       2.77
  1008 CALCA JEANS                  3,284    166,789.51      2.21    1,615     40,213.50   16,163    758,496.55    345,403.09       4.55
  1018 CALCAS                       1,605     71,416.33      0.95      434     10,850.00    9,064    410,158.10    175,618.75       5.74
  1026 CAMISA                       7,973    243,611.92      3.23    4,372     72,098.75   32,825    969,193.40    391,362.40       3.98
  1047 LA                               0          0.00      0.00        0          0.00      172     12,083.10      4,868.10          ?
  1058 INVERNO PESADO                   0          0.00      0.00        0          0.00      227     16,058.90      6,119.52          ?
  1076 AGASALHO                       126      4,973.63      0.07      437     21,850.00    1,583    109,691.20     41,308.57      22.05
  1096 MOLETOM                          1         22.50      0.00        0          0.00    1,958     40,000.50     28,636.76   1,777.80
  1103 CAMISETA M/L                    14        157.98      0.00        0          0.00      202      5,044.00      2,156.96      31.93
  1134 CAMISETA M/C                11,468    293,241.88      3.88   18,280    155,991.00   41,146    959,956.00    381,931.29       3.27
  1147 BERMUDA                     15,227    473,539.18      6.27    5,861     75,270.51   45,145   1399,387.20    538,344.12       2.96
  1174 OUTROS                          83      1,975.70      0.03        0          0.00      847     68,106.37     14,027.51      34.47
---------------------------------------------------------------------------------------------------------------------------------------
T O T A I S ...............        45,743   1352,524.02     17.92   37,529    407,664.26  166,736   5016,391.92   2039,152.79      3.71
---------------------------------------------------------------------------------------------------------------------------------------

  1180 GUARDA CHUVA                   137      1,490.90      0.02        0          0.00      571      8,352.40      3,405.40       5.60
  1193 PANELAS                        429     35,291.76      0.47      806     22,973.42    1,981    139,914.90     67,644.93       3.96
  1211 MATERIAL ESCOLAR                 1         19.60      0.00    9,640     57,139.60   14,162    194,648.50     81,094.59   9,931.05
  1231 LOUCA                        1,003    112,242.85      1.49        0          0.00    2,235    194,914.70     94,229.77       1.74
  1239 INOX                           902     21,660.29      0.29        0          0.00    7,130    105,435.40     52,278.04       4.87
  1251 GARRAFA TERMICA                395     25,184.41      0.33        0          0.00    1,773     93,140.80     41,966.36       3.70
  3151 CAIXA BOMBOM                    25          0.25      0.00        0          0.00   16,374     38,680.44     68,158.42 154,721.76
  3156 OVOS                             2         43.90      0.00        0          0.00       65        930.20        621.59      21.19
  3197 COELHOS                          0          0.00      0.00        0          0.00      -29       -179.80        -81.52          ?
  3204 BARRA CHOCOLATES                 0          0.00      0.00        0          0.00      374        748.00        920.68          ?
  3209 CESTAS                           0          0.00      0.00        0          0.00    6,310     28,393.00     13,095.16          ?
  3280 NATAL                          680     15,393.92      0.20        0          0.00    3,317     58,122.60     22,513.79       3.78
---------------------------------------------------------------------------------------------------------------------------------------
T O T A I S ...............         3,574    211,327.88      2.80   10,446     80,113.02   54,264    863,101.14    445,847.21      4.08
---------------------------------------------------------------------------------------------------------------------------------------

  1258 COBERTOR                        71     11,486.84      0.15        0          0.00    1,737    287,113.00    125,334.03      24.99
  1270 EDREDON                        243     17,125.28      0.23        0          0.00    3,100    205,684.00     95,471.24      12.01
  1284 TOALHA                      34,830    435,033.31      5.76        0          0.00   51,245    686,345.04    308,732.55       1.58
  1309 JOGO LENCOL                  2,472    108,521.46      1.44    1,608     35,950.08   16,485    730,446.10    330,391.76       6.73
  1323 LENCOL DE BAIXO                696     12,714.08      0.17      420      3,678.00    7,248    126,672.40     56,157.14       9.96
  1335 COLCHA                          93      9,141.74      0.12      108      5,312.79      580     54,761.50     25,030.17       5.99
  1346 JOGOS COORDENADOS                1        631.35      0.01        0          0.00       17        801.50        535.67       1.27
  1351 TOALHA MESA                    454      7,609.41      0.10        0          0.00    2,324     42,016.70     18,590.64       5.52
  1359 TRAVESSEIRO                    833     17,388.06      0.23      300      2,382.00    1,873     34,753.80     13,882.56       2.00
  1365 FRONHA                         775      3,913.83      0.05      600      1,356.00    5,704     23,640.80      9,933.66       6.04
  1371 TAPETE                         219      8,816.42      0.12      120      2,544.00    1,081     34,586.20     15,476.77       3.92
  1379 PANO COPA                    2,078      7,182.80      0.10        0          0.00   18,216     65,840.75     29,868.16       9.17
---------------------------------------------------------------------------------------------------------------------------------------
T O T A I S ...............        42,765    639,564.58      8.48    3,156     51,222.87  109,610   2292,661.79   1029,404.35      3.58
---------------------------------------------------------------------------------------------------------------------------------------

  1385 SOUTIEN                      4,756     59,313.28      0.79    3,409     25,882.99   14,384    181,235.50     79,089.97       3.06
  1396 CALCINHA                     5,258     49,569.52      0.66    1,800      9,721.00   16,263    156,529.60     69,133.21       3.16
  1404 CUECAS                       5,069     65,511.77      0.87    1,920     10,662.40    8,630    111,564.20     50,832.59       1.70
  1413 MEIA                         6,053     48,126.90      0.64    1,164      4,316.88   38,934    272,482.32    112,896.01       5.66
  1441 PIJAMAS                        220      2,929.51      0.04        0          0.00    3,341     92,929.90     44,353.94      31.72
---------------------------------------------------------------------------------------------------------------------------------------
T O T A I S ...............        21,356    225,450.98      3.00    8,293     50,583.27   81,552    814,741.52    356,305.72      3.61
---------------------------------------------------------------------------------------------------------------------------------------

  1457 CALCADOS MASCULINOS          2,715    271,814.49      3.60    2,700    110,408.40   14,630   1407,271.50    717,654.94       5.18
  1465 TENIS                        5,040    373,851.56      4.95    4,656    152,603.28   41,191   2759,124.10   1268,280.36       7.38
  1487 SAPATOS FEMININOS           16,273    549,803.94      7.28    3,132     64,967.16   46,432   1813,185.50    842,155.87       3.30
  1523 BOLSA                          328     16,202.45      0.21      400      9,142.00    1,875     86,757.70     39,937.17       5.35
  1535 CINTOS                         920      9,822.36      0.13        0          0.00   12,260    163,141.00     74,750.88      16.61
  1542 CHINELOS                     7,154    163,788.47      2.17    2,100     31,180.20   25,968    562,236.90    268,218.58       3.43
---------------------------------------------------------------------------------------------------------------------------------------
T O T A I S ...............        32,430   1385,283.27     18.34   12,988    368,301.04  142,356   6791,716.70   3210,997.80      4.90
---------------------------------------------------------------------------------------------------------------------------------------

  3065 PRODUTOS DIVERSOS              153      1,265.22      0.02      699     26,055.00  193,605    276,896.63   1149,987.45     218.85
---------------------------------------------------------------------------------------------------------------------------------------
T O T A I S ...............           153      1,265.22      0.02      699     26,055.00  193,605    276,896.63   1149,987.45    218.85
---------------------------------------------------------------------------------------------------------------------------------------

---------------------------------------------------------------------------------------------------------------------------------------
T O T A L  G E R A L ......       257,440   7548,554.62     99.99  130,986   1806,603.65 1193,501  31994,384.48  14783,278.40      4.24
---------------------------------------------------------------------------------------------------------------------------------------
