M
DREBES & CIA.LTDA.                                                                                                            RESU2002   PAG.:    0
SISTEMA DE ESTOQUE                                                                                                            20 DEZ 2004    10:45
                                         RESUMO COM/VEN/EST - FILIAL 00 PERIODO DE 01/12/2004 A 20/12/2004
---------------------------------------------------------------------------------------------------------------------------------------------------
Classe Classe                      FISICO    FINANCEIRO    %/Par.   FISICO    FINANCEIRO   FISICO     FIN.VENDA     FIN.CUSTO       GIRO
------ ------------------------- -------- ------------- --------- -------- ------------- -------- ------------- ------------- ----------
   211 CALCA JEANS                      0          0.00      0.00        0          0.00       -2        -35.40        -30.47          ?
   212 CAMISETA                         4         95.47      0.00        0          0.00     -237     -4,086.40     -1,917.91     -42.80
   214 CAMISA                           4         69.73      0.00        0          0.00     -118     -2,656.30     -1,385.08     -38.09
   215 MOLETON                          1          0.00      0.00        0          0.00      128      1,270.20      1,321.10          ?
   216 BERMUDA                          8        180.46      0.00        0          0.00     -215     -4,598.70     -1,981.42     -25.48
   217 JAQUETAS                         0          0.00      0.00        0          0.00       -1       -179.00        -69.00          ?
   218 LA-BLUSAO                        0          0.00      0.00        0          0.00       -2        -54.90        -71.04          ?
   219 OUTROS                           0          0.00      0.00        0          0.00     -191     -1,908.80       -597.03          ?
---------------------------------------------------------------------------------------------------------------------------------------
T O T A I S ...............            17        345.66      0.00        0          0.00     -638    -12,249.30     -4,730.85    -35.44
---------------------------------------------------------------------------------------------------------------------------------------

   221 RELOGIOS                     1,092    118,207.70      1.55      120     13,170.00    5,447    506,695.40    242,483.28       4.29
   222 GUARDA-CHUVA                     1          9.90      0.00        0          0.00       -2        -19.80         -8.80      -2.00
   224 JOGO PANELA                      0          0.00      0.00        0          0.00       -3          0.00        -90.00          ?
   226 PASCOA                           0          0.00      0.00        0          0.00     -446     -1,261.80     -1,325.90          ?
   227 CADERNOS/FOLHA OFICIO            0          0.00      0.00        0          0.00      -66       -679.50       -332.38          ?
   229 OUTROS                           1         25.00      0.00        0          0.00      531      8,023.74     23,889.32     320.95
---------------------------------------------------------------------------------------------------------------------------------------
T O T A I S ...............         1,094    118,242.60      1.55      120     13,170.00    5,461    512,758.04    264,615.52      4.34
---------------------------------------------------------------------------------------------------------------------------------------

   231 BRINQUEDOS CONFECCOES       13,461    752,516.41      9.89    2,261     88,525.79   39,862   1777,875.82    899,817.95       2.36
   233 ARTIGOS NATAL                    2         81.00      0.00        0          0.00       -5       -135.00        -86.93      -1.67
---------------------------------------------------------------------------------------------------------------------------------------
T O T A I S ...............        13,463    752,597.41      9.89    2,261     88,525.79   39,857   1777,740.82    899,731.02      2.36
---------------------------------------------------------------------------------------------------------------------------------------

   241 COBERTORES/EDREDON               0          0.00      0.00        0          0.00        1          0.00          0.00          ?
   249 OUTROS                           1         49.00      0.00        0          0.00        0          0.00          0.00       0.00
---------------------------------------------------------------------------------------------------------------------------------------
T O T A I S ...............             1         49.00      0.00        0          0.00        1          0.00          0.00      0.00
---------------------------------------------------------------------------------------------------------------------------------------

   252 CALCINHAS                        1          7.00      0.00        0          0.00       -2        -14.00         -6.40      -2.00
   254 MEIAS                            3         13.83      0.00        0          0.00      -92       -243.40       -152.97     -17.60
   259 OUTROS                           0          0.00      0.00        0          0.00      -11       -272.60       -118.94          ?
---------------------------------------------------------------------------------------------------------------------------------------
T O T A I S ...............             4         20.83      0.00        0          0.00     -105       -530.00       -278.31    -25.44
---------------------------------------------------------------------------------------------------------------------------------------

   261 CALCA                        1,369     68,312.45      0.90        0          0.00   15,380    791,617.60    328,931.73      11.59
   262 MODA SANTA CATARINA            647      7,957.07      0.10        0          0.00   10,127    326,581.00    125,755.79      41.04
   263 LA                             110      2,640.52      0.03        0          0.00    1,850     62,912.50     29,174.77      23.83
   264 MODA SAO PAULO                 472      6,848.99      0.09        0          0.00   10,600    410,106.04    157,959.68      59.88
   265 MODA JOVEM                      91      1,134.23      0.01        0          0.00    1,073     38,638.30     15,638.25      34.07
   266 PRAIA                        2,294     80,785.26      1.06    2,750     38,242.50   11,340    383,157.30    136,038.38       4.74
   267 NEW FREE FEMININO           15,198    561,642.78      7.38    8,713    147,388.62   80,075   3445,930.32   1278,104.95       6.14
   268 JAQUETA FEMININA                 2         75.68      0.00        0          0.00      776     49,387.90     19,660.87     652.59
   269 OUTROS                       1,062     11,236.85      0.15        0          0.00      -30     67,909.80     11,746.02       6.04
  2965 FASHION SC                   7,344    162,843.42      2.14    2,682     25,217.52   20,272    495,033.70    204,363.90       3.04
  2982 CLASSICA                    13,411    526,245.64      6.92    9,214    139,129.26   37,893   1642,699.80    633,421.74       3.12
  3003 BASICA                         955     44,190.76      0.58      840     16,166.40    4,333    191,942.00     77,523.04       4.34
  3011 FITNESS                      4,263    119,124.73      1.57    3,192     36,857.62   19,183    572,347.90    212,743.42       4.80
  3033 FASHION SP                   5,449    182,739.38      2.40    9,664    115,790.84   20,894    677,153.30    287,963.30       3.71
  3126 SURF                         1,294     44,334.04      0.58      958     14,072.00    6,842    240,544.80     90,711.62       5.43
---------------------------------------------------------------------------------------------------------------------------------------
T O T A I S ...............        53,961   1820,111.80     23.91   38,013    532,864.76  240,608   9395,962.26   3609,737.46      5.16
---------------------------------------------------------------------------------------------------------------------------------------

   271 CALCA JEANS                      0          0.00      0.00        0          0.00       14        147.70        170.72          ?
   272 MOLETON/CAMISA(ETA)              1         19.90      0.00        0          0.00       -2        -16.70        -11.41      -0.84
   273 LA/JAQUETAS/CASACOS             13        161.43      0.00        0          0.00    1,484     45,882.06     18,511.35     284.22
   274 CALCADOS                     9,047    282,359.37      3.71    3,480     58,358.40   38,660   1162,575.35    558,238.87       4.12
   275 MODA SANTA CATARINA         16,931    340,357.31      4.47    6,186     52,884.00   42,825    894,489.70    354,309.53       2.63
   276 TIP-TOP E BEBE                  43      1,177.71      0.02        0          0.00      490      3,210.60      1,775.95       2.73
   277 NEW FREE INFANTIL            7,557    217,089.37      2.85    1,963     25,200.80   38,669   1374,493.60    516,284.68       6.33
   278 MODA SAO PAULO               7,653    198,068.88      2.60    5,336     48,913.52   23,420    573,257.30    246,261.87       2.89
   279 OUTROS                       2,550     33,663.48      0.44      516      2,746.92   13,558    171,244.58     68,975.93       5.09
---------------------------------------------------------------------------------------------------------------------------------------
T O T A I S ...............        43,795   1072,897.45     14.09   17,481    188,103.64  159,118   4225,284.19   1764,517.49      3.94
---------------------------------------------------------------------------------------------------------------------------------------

   282 TENIS                            3         57.69      0.00        0          0.00       15        715.40        401.71      12.40
   283 SAPATO FEM                      13        293.08      0.00        0          0.00      122      7,996.40      3,763.08      27.28
   284 BOLSA                            5         72.00      0.00        0          0.00       33        495.00        541.83       6.88
   285 CINTOS                           0          0.00      0.00        0          0.00        2        289.07        112.85          ?
   286 CHINELOS                         1         26.34      0.00        0          0.00       -4        -58.60        -31.28      -2.22
   289 OUTROS                           0          0.00      0.00        0          0.00      -13       -219.60       -124.33          ?
---------------------------------------------------------------------------------------------------------------------------------------
T O T A I S ...............            22        449.11      0.00        0          0.00      155      9,217.67      4,663.86     20.52
---------------------------------------------------------------------------------------------------------------------------------------

  1001 REGATA                       6,012     97,555.38      1.28    6,530     31,390.50   17,357    267,456.00    109,038.35       2.74
  1008 CALCA JEANS                  3,305    167,908.14      2.21    1,615     40,213.50   16,143    757,501.75    344,939.67       4.51
  1018 CALCAS                       1,620     72,010.82      0.95      434     10,850.00    9,051    409,613.00    175,369.75       5.69
  1026 CAMISA                       8,039    245,631.58      3.23    4,372     72,098.75   32,759    967,227.60    390,583.26       3.94
  1047 LA                               0          0.00      0.00        0          0.00      172     12,083.10      4,868.10          ?
  1058 INVERNO PESADO                   0          0.00      0.00        0          0.00      227     16,058.90      6,119.52          ?
  1076 AGASALHO                       126      4,973.63      0.07      437     21,850.00    1,583    109,691.20     41,308.57      22.05
  1096 MOLETOM                          1         22.50      0.00        0          0.00    1,958     40,000.50     28,636.76   1,777.80
  1103 CAMISETA M/L                    14        157.98      0.00        0          0.00      202      5,044.00      2,156.96      31.93
  1134 CAMISETA M/C                11,571    295,841.20      3.89   18,280    155,991.00   41,044    957,385.20    380,894.21       3.24
  1147 BERMUDA                     15,333    476,676.17      6.27    5,861     75,270.51   45,043   1396,287.70    537,142.22       2.93
  1174 OUTROS                          84      2,021.59      0.03        0          0.00      846     68,066.47     14,008.47      33.67
---------------------------------------------------------------------------------------------------------------------------------------
T O T A I S ...............        46,105   1362,798.99     17.93   37,529    407,664.26  166,385   5006,415.42   2035,065.84      3.67
---------------------------------------------------------------------------------------------------------------------------------------

  1180 GUARDA CHUVA                   138      1,500.80      0.02        0          0.00      570      8,342.50      3,401.90       5.56
  1193 PANELAS                        432     35,807.61      0.47      806     22,973.42    1,978    139,407.90     67,402.88       3.89
  1211 MATERIAL ESCOLAR                 1         19.60      0.00    9,640     57,139.60   14,162    194,648.50     81,094.59   9,931.05
  1231 LOUCA                        1,006    112,572.90      1.48        0          0.00    2,232    194,627.70     94,097.40       1.73
  1239 INOX                           910     22,105.60      0.29        0          0.00    7,122    104,969.70     52,058.62       4.75
  1251 GARRAFA TERMICA                395     25,184.41      0.33        0          0.00    1,773     93,140.80     41,966.36       3.70
  3151 CAIXA BOMBOM                    25          0.25      0.00        0          0.00   16,374     38,680.44     68,158.42 154,721.76
  3156 OVOS                             2         43.90      0.00        0          0.00       65        930.20        621.59      21.19
  3197 COELHOS                          0          0.00      0.00        0          0.00      -29       -179.80        -81.52          ?
  3204 BARRA CHOCOLATES                 0          0.00      0.00        0          0.00      374        748.00        920.68          ?
  3209 CESTAS                           0          0.00      0.00        0          0.00    6,310     28,393.00     13,095.16          ?
  3280 NATAL                          688     15,486.45      0.20        0          0.00    3,309     57,895.20     22,433.09       3.74
---------------------------------------------------------------------------------------------------------------------------------------
T O T A I S ...............         3,597    212,721.52      2.79   10,446     80,113.02   54,241    861,604.14    445,169.17      4.05
---------------------------------------------------------------------------------------------------------------------------------------

  1258 COBERTOR                        71     11,486.84      0.15        0          0.00    1,737    287,113.00    125,334.03      24.99
  1270 EDREDON                        245     17,277.88      0.23        0          0.00    3,098    205,541.00     95,405.07      11.90
  1284 TOALHA                      35,004    437,206.54      5.75        0          0.00   51,073    684,163.04    307,789.46       1.56
  1309 JOGO LENCOL                  2,494    109,482.05      1.44    1,608     35,950.08   16,463    729,541.20    329,982.87       6.66
  1323 LENCOL DE BAIXO                700     12,795.01      0.17      420      3,678.00    7,244    126,598.80     56,126.60       9.89
  1335 COLCHA                          93      9,141.74      0.12      108      5,312.79      580     54,761.50     25,030.17       5.99
  1346 JOGOS COORDENADOS                1        631.35      0.01        0          0.00       17        801.50        535.67       1.27
  1351 TOALHA MESA                    457      7,660.82      0.10        0          0.00    2,321     41,972.00     18,570.36       5.48
  1359 TRAVESSEIRO                    833     17,388.06      0.23      300      2,382.00    1,873     34,753.80     13,882.56       2.00
  1365 FRONHA                         783      3,948.87      0.05      600      1,356.00    5,696     23,608.00      9,919.90       5.98
  1371 TAPETE                         220      8,865.42      0.12      120      2,544.00    1,080     34,537.20     15,455.57       3.90
  1379 PANO COPA                    2,102      7,263.01      0.10        0          0.00   18,192     65,750.75     29,829.68       9.05
---------------------------------------------------------------------------------------------------------------------------------------
T O T A I S ...............        43,003    643,147.59      8.47    3,156     51,222.87  109,374   2289,141.79   1027,861.94      3.56
---------------------------------------------------------------------------------------------------------------------------------------

  1385 SOUTIEN                      4,792     59,765.04      0.79    3,409     25,882.99   14,349    180,813.80     78,907.35       3.03
  1396 CALCINHA                     5,311     50,117.23      0.66    1,800      9,721.00   16,210    156,013.70     68,905.67       3.11
  1404 CUECAS                       5,119     66,105.96      0.87    1,920     10,662.40    8,580    110,934.00     50,578.82       1.68
  1413 MEIA                         6,102     48,485.62      0.64    1,164      4,316.88   38,886    272,089.92    112,726.60       5.61
  1441 PIJAMAS                        225      2,979.01      0.04        0          0.00    3,336     92,761.10     44,269.60      31.14
---------------------------------------------------------------------------------------------------------------------------------------
T O T A I S ...............        21,549    227,452.86      3.00    8,293     50,583.27   81,361    812,612.52    355,388.04      3.57
---------------------------------------------------------------------------------------------------------------------------------------

  1457 CALCADOS MASCULINOS          2,737    273,769.41      3.60    2,700    110,408.40   14,608   1405,269.50    716,572.55       5.13
  1465 TENIS                        5,077    376,534.28      4.95    4,656    152,603.28   41,154   2756,627.10   1267,123.13       7.32
  1487 SAPATOS FEMININOS           16,381    553,038.38      7.27    3,132     64,967.16   46,326   1809,586.30    840,490.70       3.27
  1523 BOLSA                          331     16,364.15      0.22      400      9,142.00    1,872     86,610.70     39,869.28       5.29
  1535 CINTOS                         928      9,910.58      0.13        0          0.00   12,252    163,055.00     74,694.33      16.45
  1542 CHINELOS                     7,237    165,590.04      2.18    2,100     31,180.20   25,886    560,476.60    267,402.41       3.38
---------------------------------------------------------------------------------------------------------------------------------------
T O T A I S ...............        32,691   1395,206.84     18.35   12,988    368,301.04  142,098   6781,625.20   3206,152.40      4.86
---------------------------------------------------------------------------------------------------------------------------------------

  3065 PRODUTOS DIVERSOS              154      1,280.22      0.02      699     26,055.00  193,604    276,881.63   1149,972.45     216.28
---------------------------------------------------------------------------------------------------------------------------------------
T O T A I S ...............           154      1,280.22      0.02      699     26,055.00  193,604    276,881.63   1149,972.45    216.28
---------------------------------------------------------------------------------------------------------------------------------------

---------------------------------------------------------------------------------------------------------------------------------------
T O T A L  G E R A L ......       259,456   7607,321.88    100.00  130,986   1806,603.65 1191,520  31936,404.58  14757,842.63      4.20
---------------------------------------------------------------------------------------------------------------------------------------
