M
DREBES & CIA.LTDA.                                                   disdep7a   PAG.:    0
SISTEMA DE ESTOQUE                                                   22 NOV 2004    14:58
              PRODUTO: 470198 - CAMISETA BGO M/C 12/18 REF.BG5693/5700/5701
------------------------------------------------------------------------------------------

          Produto Nome Produto
          ------- --------------------------------------------------
           469395 CAMISETA WARUSKY
           470197 CAMISA BGO POLO M/C 12/18 REF.BG5692
Lote:   5

                             Filial Enviado
                             ------ -------
                                  2    1.00
                                  3    0.00
                                  4    0.00
                                  6    0.00
                                  7    1.00
                                  8    1.00
                                  9    0.00
                                 11    1.00
                                 12    1.00
                                 13    0.00
                                 14    0.00
                                 16    1.00
                                 18    0.00
                                 19    0.00
                                 21    1.00
                                 23    0.00
                                 25    0.00
                                 26    1.00
                                 27    0.00
                                 28    0.00
                                 29    1.00
                                 30    1.00
                                 31    0.00
                                 32    0.00
                                 33    0.00
                                 34    1.00
                                 35    0.00
                                 36    2.00
                                 37    2.00
                                 38    1.00
                                 39    1.00
                                 40    0.00
                                 41    0.00
                                 43    1.00
                                 44    1.00
                                 45    0.00
                                 46    1.00
                                 47    1.00
                                 49    0.00
                                 50    1.00
                                 51    1.00
                                 52    0.00
                                 53    1.00
                                 54    0.00
                                 55    1.00
                                 56    0.00
                                 57    0.00
                                 58    0.00
                                 59    1.00
                                 60    1.00
                                 61    1.00
                                 62    1.00
                                 63    1.00
                                 64    0.00
                                 65    0.00
                                    -------
                                      30.00 TOTAL
