CBM
DREBES & CIA.LTDA.                                                                                                            RESU2002   PAG.:    1
SISTEMA DE ESTOQUE                                                                                                            15 JUN 2004    09:33
                                         RESUMO COM/VEN/EST - FILIAL 00 PERIODO DE 01/06/2004 A 15/06/2004
---------------------------------------------------------------------------------------------------------------------------------------------------
                                          V E N D A S                 C O M P R A S                 E S T O Q U E S        
---------------------------------------------------------------------------------------------------------------------------------------
Classe Classe                      FISICO    FINANCEIRO    %/Par.   FISICO    FINANCEIRO   FISICO     FIN.VENDA     FIN.CUSTO      GIRO
------ ------------------------- -------- ------------- --------- -------- ------------- -------- ------------- ------------- ---------
     0 Geral                           10        314.80      0.01        0          0.00    7,523    114,859.20     46,510.93    364.86
   211 CALCA JEANS                    390     18,641.07      0.49    2,238     43,768.20    3,563    137,213.70     69,153.26      7.36
   212 CAMISETA                        25        125.03      0.00        0          0.00   17,405    390,203.20    156,405.92  3,120.88
   213 CALCA SOCIAL                     2         24.80      0.00        0          0.00      121      2,939.60      2,048.13    118.53
   214 CAMISA                         157      4,952.70      0.13    1,120     19,835.73    3,383    103,157.20     46,789.67     20.83
   215 MOLETON                        130      6,137.67      0.16      979     18,393.71    2,220     78,802.30     35,076.04     12.84
   216 BERMUDA                         10         90.93      0.00        0          0.00    1,547     35,411.50     13,645.18    389.44
   217 JAQUETAS                       201     20,517.58      0.54    1,717     58,779.61    1,626    136,443.90     55,112.08      6.65
   218 LA-BLUSAO                      122      4,583.57      0.12        0          0.00      884     40,540.90     17,572.50      8.84
   219 OUTROS                         128        497.69      0.01        0          0.00     -140     -1,325.90       -877.68     -2.66
   221 RELOGIOS                       439     44,963.89      1.18        0          0.00    5,787    544,702.50    265,994.52     12.11
   222 GUARDA-CHUVA                    28        480.81      0.01        0          0.00      232      3,919.40      1,889.75      8.15
   223 PANELA PRESSAO                 121        870.85      0.02        0          0.00      -58        135.10        317.35      0.16
   224 JOGO PANELA                     36      7,448.42      0.20        0          0.00      540    118,444.00     56,318.65     15.90
   225 PANELA AVULSA                    7        275.31      0.01        0          0.00      124      4,860.60      2,241.41     17.66
   226 PASCOA                       8,761     16,953.08      0.45    9,000     30,780.00   44,658    128,244.85    166,521.93      7.56
   227 CADERNOS/FOLHA OFICIO            5         86.59      0.00        0          0.00    6,473    104,030.40     40,937.30  1,201.41
   228 LOUCA                           12        935.89      0.02        0          0.00       91      7,292.30      3,708.82      7.79
   229 OUTROS                          90      2,645.67      0.07        0          0.00    4,231     76,577.04     41,251.52     28.94
   231 BRINQUEDOS CONFECCOES          711     30,161.00      0.79        0          0.00   24,851   1043,001.37    559,893.92     34.58
   233 ARTIGOS NATAL                    0          0.00      0.00        0          0.00    1,265     32,595.45     14,357.44         ?
   234 ARTIGOS ESPORTIVOS               2         29.40      0.00        0          0.00       28      4,804.90      2,207.77    163.43
   241 COBERTORES/EDREDON           1,924    194,100.98      5.11    1,212     43,994.94    4,697    351,881.00    169,985.79      1.81
   242 TOALHAS                      2,627     21,665.91      0.57       48        393.36   16,588    254,792.98    107,098.34     11.76
   243 JOGO CAMA                    3,011     67,891.42      1.79      516      9,456.40   25,047    870,742.67    395,326.21     12.83
   244 TOALHA MESA                    281      3,198.47      0.08       36        361.20    3,305     56,407.90     25,705.79     17.64
   245 TRAVESSEIROS                   503      7,419.81      0.20        0          0.00    1,003     12,968.30      6,247.15      1.75
   249 OUTROS                       1,724     21,644.01      0.57      540      4,244.64    9,155    145,567.20     68,048.99      6.73
   251 SOUTIENS                        83        684.53      0.02        0          0.00    5,506     49,704.90     20,543.78     72.61
   252 CALCINHAS                      298      1,982.10      0.05        0          0.00    7,819     64,001.82     29,064.38     32.29
   253 CUECAS                         608      6,842.86      0.18    1,200      7,776.00    6,974     84,720.50     37,568.48     12.38
   254 MEIAS                        3,141     17,078.30      0.45        0          0.00   13,276     74,717.90     32,669.95      4.38
   255 MEIA-CALCA                       1          3.50      0.00        0          0.00    1,137      4,148.40      1,995.10  1,185.26
   256 INTIMA INFANTIL                  0          0.00      0.00        0          0.00       13         50.30        260.81         ?
   259 OUTROS                         879     22,894.07      0.60        0          0.00    8,453    243,311.90    109,710.59     10.63
   261 CALCA                        1,693     99,269.39      2.62    1,100     31,050.00   14,410    886,252.80    371,843.31      8.93
   262 MODA SANTA CATARINA          2,386     89,489.99      2.36      958     14,865.40   41,062   1379,705.40    541,671.50     15.42
   263 LA                           6,614    244,211.87      6.43    3,291     64,215.40   25,174   1050,841.70    418,756.30      4.30
   264 MODA SAO PAULO               1,630     56,570.99      1.49        0          0.00   29,445   1191,045.66    489,322.96     21.05
   265 MODA JOVEM                      93      1,614.95      0.04        0          0.00    3,425    110,866.70     49,309.64     68.65
   266 MAIO E BIQUINI                   0          0.00      0.00        0          0.00    1,189     38,755.70     11,347.07         ?
   267 NEW FREE FEMININO            6,054    343,931.66      9.06    7,430    171,284.17   39,953   2017,662.30    790,053.47      5.87
   268 JAQUETA FEMININA             2,119    132,622.84      3.49        0          0.00    5,212    333,842.20    133,986.32      2.52
   269 OUTROS                         784      4,720.83      0.12        0          0.00   23,384     83,638.47     88,567.40     17.72
   271 CALCA JEANS                      1          9.90      0.00        0          0.00       30        297.00        362.25     30.00
   272 MOLETON/CAMISA(ETA)              2         10.16      0.00        0          0.00      -14        -26.24        -16.40     -2.58
   273 LA/JAQUETAS/CASACOS          2,003     48,491.53      1.28    1,688     24,878.34   18,494    472,730.26    194,837.51      9.75
   274 CALCADOS                     2,455     98,586.16      2.60      144      3,017.38   29,851    972,590.50    445,072.25      9.87
   275 MODA SANTA CATARINA          3,876    104,108.15      2.74      480      6,240.00   44,020   1241,570.00    494,742.83     11.93
   276 TIP-TOP E BEBE                 134        658.37      0.02        0          0.00      683      4,383.60      3,167.64      6.66
   277 NEW FREE INFANTIL            4,508    200,111.34      5.27    4,252     92,982.15   31,486    563,236.50    517,630.02      2.81
   278 MODA SAO PAULO               3,408    121,117.90      3.19        0          0.00   25,208    875,321.60    354,951.74      7.23
   279 OUTROS                         407      2,582.55      0.07      600      1,878.00    6,766    106,517.09     41,828.88     41.24
   281 SAPATO MASC                  1,075     77,289.15      2.04        0          0.00    6,352    443,762.90    238,739.35      5.74
   282 TENIS                        2,790    150,217.43      3.96    2,784     65,729.04   20,199   1155,425.30    567,076.90      7.69
DREBES & CIA.LTDA.                                                                                                            RESU2002   PAG.:    2
SISTEMA DE ESTOQUE                                                                                                            15 JUN 2004    11:36
                                         RESUMO COM/VEN/EST - FILIAL 00 PERIODO DE 01/06/2004 A 15/06/2004
---------------------------------------------------------------------------------------------------------------------------------------------------
Classe Classe                      FISICO    FINANCEIRO    %/Par.   FISICO    FINANCEIRO   FISICO     FIN.VENDA     FIN.CUSTO      GIRO
------ ------------------------- -------- ------------- --------- -------- ------------- -------- ------------- ------------- ---------
   283 SAPATO FEM                   2,838    203,566.30      5.36    1,290     43,800.30   34,052   2236,000.70    959,875.90     10.98
   284 BOLSA                           48        904.99      0.02        0          0.00      738     30,548.70     15,513.06     33.76
   285 CINTOS                         388      6,233.27      0.16        0          0.00    9,461    181,267.97     74,982.24     29.08
   286 CHINELOS                         1          3.00      0.00        0          0.00    1,645     25,794.40     13,551.23  8,598.13
   289 OUTROS                         200      1,372.65      0.04        0          0.00   -1,145    -17,050.40     -5,662.41    -12.42
  1001 REGATA                           0          0.00      0.00        0          0.00       54        763.00        301.17         ?
  1008 CALCA JEANS                  3,075    145,693.42      3.84    1,103     21,520.00   21,377   1069,018.50    462,519.30      7.34
  1018 CALCAS                         761     30,162.31      0.79        0          0.00    7,643    314,606.00    132,035.30     10.43
  1026 CAMISA                       2,481     96,487.97      2.54    7,312    101,272.44   25,029    919,024.30    381,591.13      9.52
  1047 LA                           2,824    194,088.73      5.11        0          0.00    6,640    444,561.00    177,722.34      2.29
  1058 INVERNO PESADO               2,661    200,631.24      5.29      324      8,964.00    3,656    248,476.40    103,517.68      1.24
  1076 AGASALHO                     1,627     75,130.89      1.98      294      3,969.00    4,977    241,846.80    103,307.99      3.22
  1096 MOLETOM                      1,976     72,644.76      1.91      300      6,150.00    8,742    296,930.60    136,810.75      4.09
  1103 CAMISETA M/L                 1,347     31,173.33      0.82      624      4,680.00    6,356    157,452.70     65,151.19      5.05
  1134 CAMISETA M/C                    17        391.63      0.01        0          0.00    2,630     37,269.90     21,373.55     95.17
  1147 BERMUDA                          0          0.00      0.00        0          0.00      573     18,400.80      7,690.15         ?
  1174 OUTROS                         427     11,135.79      0.29        0          0.00      130     22,101.62     11,418.18      1.98
  1052 BLUSAO                           4        119.50      0.00        0          0.00        3        267.00        132.69      2.23
  1180 GUARDA CHUVA                    37        970.27      0.03        0          0.00      299      7,931.00      3,299.50      8.17
  1193 PANELAS                        170      9,979.18      0.26        0          0.00      910     54,446.00     26,896.16      5.46
  1211 MATERIAL ESCOLAR                 2          9.80      0.00        0          0.00      322      1,577.80        698.74    161.00
  1231 LOUCA                          109      8,269.35      0.22        0          0.00      646     45,390.00     22,701.29      5.49
  1239 INOX                           903     13,403.91      0.35    3,600      1,944.00    8,873    134,889.64     71,057.20     10.06
  1251 GARRAFA TERMICA                260     10,915.63      0.29        0          0.00    1,669     89,157.00     37,575.26      8.17
  1270 EDREDON                         15      1,100.97      0.03      472     14,678.84      457     31,943.00     14,187.36     29.01
  1284 TOALHA                           0          0.00      0.00    5,760     25,142.40    5,760     57,024.00     25,142.40         ?
  1323 LENCOL DE BAIXO                252      7,820.46      0.21        0          0.00    2,156     56,527.80     25,659.06      7.23
  1371 TAPETE                         105      2,784.56      0.07      120      1,218.00    1,177     33,920.90     16,971.35     12.18
  1385 SOUTIEN                      1,718     20,152.38      0.53    5,153     30,175.39    9,294    118,885.00     49,551.36      5.90
  1396 CALCINHA                     2,079     19,414.73      0.51    4,403     16,556.84   10,638    103,470.40     42,750.12      5.33
  1404 CUECAS                         445      5,983.96      0.16    1,000      5,700.00    1,354     17,591.00      7,170.93      2.94
  1413 MEIA                           463      2,814.92      0.07        0          0.00    2,892     15,552.80      6,486.58      5.53
  1441 PIJAMAS                         28        509.92      0.01        0          0.00    1,138     18,068.40      7,247.22     35.43
  1457 CALCADOS MASCULINOS            688     67,376.01      1.78    1,080     69,519.60    3,301    330,581.00    153,930.81      4.91
  1465 TENIS                          778     49,178.88      1.30      660     24,017.40    6,406    444,117.00    199,058.27      9.03
  1523 BOLSA                          264     11,292.81      0.30      500     13,799.50      672     33,893.80     15,320.09      3.00
  1487 SAPATOS FEMININOS            2,423    191,892.59      5.06    7,880    286,616.00    5,920    549,775.30    212,770.86      2.87
---------------------------------------------------------------------------------------------------------------------------------------
T O T A L  G E R A L ......        99,913   3795,367.98     99.95   83,208   1393,647.38  792,102  26620,310.55  11954,858.71      7.01
---------------------------------------------------------------------------------------------------------------------------------------
