M
DREBES & CIA.LTDA.                                                                                                            RESU2002   PAG.:    0
SISTEMA DE ESTOQUE                                                                                                            20 DEZ 2004    08:34
                                         RESUMO COM/VEN/EST - FILIAL 00 PERIODO DE 01/12/2004 A 20/12/2004
---------------------------------------------------------------------------------------------------------------------------------------------------
Classe Classe                      FISICO    FINANCEIRO    %/Par.   FISICO    FINANCEIRO   FISICO     FIN.VENDA     FIN.CUSTO       GIRO
------ ------------------------- -------- ------------- --------- -------- ------------- -------- ------------- ------------- ----------
   260 MODA FEMININA                  525     12,772.61      0.71      527      3,883.99    1,000     26,710.30      9,891.08       2.09
---------------------------------------------------------------------------------------------------------------------------------------
T O T A I S ...............           525     12,772.61      0.71      527      3,883.99    1,000     26,710.30      9,891.08      2.09
---------------------------------------------------------------------------------------------------------------------------------------

   261 CALCA                        1,357     67,708.71      3.77        0          0.00   15,392    792,225.30    329,192.73      11.70
   262 MODA SANTA CATARINA            644      7,901.37      0.44        0          0.00   10,130    326,660.70    125,786.14      41.34
   263 LA                             107      2,582.51      0.14        0          0.00    1,853     62,972.20     29,219.77      24.38
   264 MODA SAO PAULO                 470      6,829.19      0.38        0          0.00   10,602    410,202.94    157,998.58      60.07
   265 MODA JOVEM                      91      1,134.23      0.06        0          0.00    1,073     38,638.30     15,638.25      34.07
   266 PRAIA                        2,266     79,814.95      4.45    2,750     38,242.50   11,366    384,056.10    136,398.98       4.81
   267 NEW FREE FEMININO           14,472    541,724.49     30.18    8,186    143,504.63   79,270   3426,198.82   1270,936.90       6.32
   268 JAQUETA FEMININA                 2         75.68      0.00        0          0.00      776     49,387.90     19,660.87     652.59
   269 OUTROS                       1,048     11,098.25      0.62        0          0.00      -16     68,161.80     11,859.42       6.14
  2965 FASHION SC                   7,252    160,986.34      8.97    2,682     25,217.52   20,359    496,754.50    205,105.85       3.09
  2982 CLASSICA                    13,218    519,008.33     28.91    9,214    139,129.26   38,081   1649,663.40    636,114.20       3.18
  3003 BASICA                         942     43,545.56      2.43      840     16,166.40    4,346    192,570.70     77,773.64       4.42
  3011 FITNESS                      4,203    117,390.73      6.54    3,192     36,857.62   19,239    573,895.90    213,324.08       4.89
  3033 FASHION SP                   5,293    177,018.80      9.86    9,664    115,790.84   20,807    673,207.30    286,390.50       3.80
  3126 SURF                         1,280     43,827.74      2.44      958     14,072.00    6,855    240,997.30     90,885.90       5.50
---------------------------------------------------------------------------------------------------------------------------------------
T O T A I S ...............        52,645   1780,646.88     99.19   37,486    528,980.77  240,133   9385,593.16   3606,285.81      5.27
---------------------------------------------------------------------------------------------------------------------------------------

  3227 BOJO                            38      1,605.28      0.09        0          0.00      105      4,095.00      1,669.50       2.55
---------------------------------------------------------------------------------------------------------------------------------------
T O T A I S ...............            38      1,605.28      0.09        0          0.00      105      4,095.00      1,669.50      2.55
---------------------------------------------------------------------------------------------------------------------------------------

---------------------------------------------------------------------------------------------------------------------------------------
T O T A L  G E R A L ......        53,208   1795,024.77     99.99   38,013    532,864.76  241,238   9416,398.46   3617,846.39      5.25
---------------------------------------------------------------------------------------------------------------------------------------
