M
DREBES & CIA.LTDA.                                                                                                            RESU2002   PAG.:    0
SISTEMA DE ESTOQUE                                                                                                            20 DEZ 2004    10:45
                                         RESUMO COM/VEN/EST - FILIAL 00 PERIODO DE 01/12/2004 A 19/12/2004
---------------------------------------------------------------------------------------------------------------------------------------------------
Classe Classe                      FISICO    FINANCEIRO    %/Par.   FISICO    FINANCEIRO   FISICO     FIN.VENDA     FIN.CUSTO       GIRO
------ ------------------------- -------- ------------- --------- -------- ------------- -------- ------------- ------------- ----------
   211 CALCA JEANS                      0          0.00      0.00        0          0.00       -2        -35.40        -30.47          ?
   212 CAMISETA                         4         95.47      0.00        0          0.00     -237     -4,086.40     -1,917.91     -42.80
   214 CAMISA                           4         69.73      0.00        0          0.00     -118     -2,656.30     -1,385.08     -38.09
   215 MOLETON                          1          0.00      0.00        0          0.00      128      1,270.20      1,321.10          ?
   216 BERMUDA                          8        180.46      0.00        0          0.00     -215     -4,598.70     -1,981.42     -25.48
   217 JAQUETAS                         0          0.00      0.00        0          0.00       -1       -179.00        -69.00          ?
   218 LA-BLUSAO                        0          0.00      0.00        0          0.00       -2        -54.90        -71.04          ?
   219 OUTROS                           0          0.00      0.00        0          0.00     -191     -1,908.80       -597.03          ?
---------------------------------------------------------------------------------------------------------------------------------------
T O T A I S ...............            17        345.66      0.00        0          0.00     -638    -12,249.30     -4,730.85    -35.44
---------------------------------------------------------------------------------------------------------------------------------------

   221 RELOGIOS                     1,077    116,249.49      1.54      120     13,170.00    5,447    506,695.40    242,483.28       4.36
   222 GUARDA-CHUVA                     1          9.90      0.00        0          0.00       -2        -19.80         -8.80      -2.00
   224 JOGO PANELA                      0          0.00      0.00        0          0.00       -3          0.00        -90.00          ?
   226 PASCOA                           0          0.00      0.00        0          0.00     -446     -1,261.80     -1,325.90          ?
   227 CADERNOS/FOLHA OFICIO            0          0.00      0.00        0          0.00      -66       -679.50       -332.38          ?
   229 OUTROS                           1         25.00      0.00        0          0.00      531      8,023.74     23,889.32     320.95
---------------------------------------------------------------------------------------------------------------------------------------
T O T A I S ...............         1,079    116,284.39      1.54      120     13,170.00    5,461    512,758.04    264,615.52      4.41
---------------------------------------------------------------------------------------------------------------------------------------

   231 BRINQUEDOS CONFECCOES       13,257    739,883.91      9.83    2,261     88,525.79   39,863   1777,917.82    899,837.16       2.40
   233 ARTIGOS NATAL                    2         81.00      0.00        0          0.00       -5       -135.00        -86.93      -1.67
---------------------------------------------------------------------------------------------------------------------------------------
T O T A I S ...............        13,259    739,964.91      9.83    2,261     88,525.79   39,858   1777,782.82    899,750.23      2.40
---------------------------------------------------------------------------------------------------------------------------------------

   241 COBERTORES/EDREDON               0          0.00      0.00        0          0.00        1          0.00          0.00          ?
   249 OUTROS                           1         49.00      0.00        0          0.00        0          0.00          0.00       0.00
---------------------------------------------------------------------------------------------------------------------------------------
T O T A I S ...............             1         49.00      0.00        0          0.00        1          0.00          0.00      0.00
---------------------------------------------------------------------------------------------------------------------------------------

   252 CALCINHAS                        1          7.00      0.00        0          0.00       -2        -14.00         -6.40      -2.00
   254 MEIAS                            3         13.83      0.00        0          0.00      -92       -243.40       -152.97     -17.60
   259 OUTROS                           0          0.00      0.00        0          0.00      -11       -272.60       -118.94          ?
---------------------------------------------------------------------------------------------------------------------------------------
T O T A I S ...............             4         20.83      0.00        0          0.00     -105       -530.00       -278.31    -25.44
---------------------------------------------------------------------------------------------------------------------------------------

   261 CALCA                        1,357     67,708.71      0.90        0          0.00   15,380    791,617.60    328,931.73      11.69
   262 MODA SANTA CATARINA            644      7,901.37      0.11        0          0.00   10,127    326,581.00    125,755.79      41.33
   263 LA                             107      2,582.51      0.03        0          0.00    1,850     62,912.50     29,174.77      24.36
   264 MODA SAO PAULO                 470      6,829.19      0.09        0          0.00   10,600    410,106.04    157,959.68      60.05
   265 MODA JOVEM                      91      1,134.23      0.02        0          0.00    1,073     38,638.30     15,638.25      34.07
   266 PRAIA                        2,266     79,814.95      1.06    2,750     38,242.50   11,340    383,157.30    136,038.38       4.80
   267 NEW FREE FEMININO           15,004    554,701.58      7.37    8,713    147,388.62   80,077   3445,999.12   1278,139.09       6.21
   268 JAQUETA FEMININA                 2         75.68      0.00        0          0.00      776     49,387.90     19,660.87     652.59
   269 OUTROS                       1,048     11,098.25      0.15        0          0.00      -30     67,909.80     11,746.02       6.12
  2965 FASHION SC                   7,262    161,171.99      2.14    2,682     25,217.52   20,272    495,033.70    204,363.90       3.07
  2982 CLASSICA                    13,223    519,199.22      6.90    9,214    139,129.26   37,893   1642,699.80    633,421.74       3.16
  3003 BASICA                         943     43,586.96      0.58      840     16,166.40    4,333    191,942.00     77,523.04       4.40
  3011 FITNESS                      4,204    117,413.63      1.56    3,192     36,857.62   19,183    572,347.90    212,743.42       4.87
  3033 FASHION SP                   5,369    180,183.35      2.39    9,664    115,790.84   20,894    677,153.30    287,963.30       3.76
  3126 SURF                         1,282     43,908.49      0.58      958     14,072.00    6,842    240,544.80     90,711.62       5.48
---------------------------------------------------------------------------------------------------------------------------------------
T O T A I S ...............        53,272   1797,310.11     23.88   38,013    532,864.76  240,610   9396,031.06   3609,771.60      5.23
---------------------------------------------------------------------------------------------------------------------------------------

   271 CALCA JEANS                      0          0.00      0.00        0          0.00       14        147.70        170.72          ?
   272 MOLETON/CAMISA(ETA)              1         19.90      0.00        0          0.00       -2        -16.70        -11.41      -0.84
   273 LA/JAQUETAS/CASACOS             13        161.43      0.00        0          0.00    1,484     45,882.06     18,511.35     284.22
   274 CALCADOS                     8,947    279,580.57      3.72    3,480     58,358.40   38,660   1162,575.35    558,238.87       4.16
   275 MODA SANTA CATARINA         16,688    335,675.77      4.46    6,186     52,884.00   42,827    894,528.60    354,324.23       2.66
   276 TIP-TOP E BEBE                  43      1,177.71      0.02        0          0.00      490      3,210.60      1,775.95       2.73
   277 NEW FREE INFANTIL            7,445    213,871.60      2.84    1,963     25,200.80   38,671   1374,552.50    516,306.49       6.43
   278 MODA SAO PAULO               7,565    195,718.12      2.60    5,336     48,913.52   23,422    573,327.30    246,290.87       2.93
   279 OUTROS                       2,501     33,029.12      0.44      516      2,746.92   13,558    171,244.58     68,975.93       5.18
---------------------------------------------------------------------------------------------------------------------------------------
T O T A I S ...............        43,203   1059,234.22     14.08   17,481    188,103.64  159,124   4225,451.99   1764,583.00      3.99
---------------------------------------------------------------------------------------------------------------------------------------

   282 TENIS                            3         57.69      0.00        0          0.00       15        715.40        401.71      12.40
   283 SAPATO FEM                      13        293.08      0.00        0          0.00      122      7,996.40      3,763.08      27.28
   284 BOLSA                            4         57.00      0.00        0          0.00       33        495.00        541.83       8.68
   285 CINTOS                           0          0.00      0.00        0          0.00        2        289.07        112.85          ?
   286 CHINELOS                         1         26.34      0.00        0          0.00       -4        -58.60        -31.28      -2.22
   289 OUTROS                           0          0.00      0.00        0          0.00      -13       -219.60       -124.33          ?
---------------------------------------------------------------------------------------------------------------------------------------
T O T A I S ...............            21        434.11      0.00        0          0.00      155      9,217.67      4,663.86     21.23
---------------------------------------------------------------------------------------------------------------------------------------

  1001 REGATA                       5,962     96,795.39      1.29    6,530     31,390.50   17,357    267,456.00    109,038.35       2.76
  1008 CALCA JEANS                  3,284    166,789.51      2.22    1,615     40,213.50   16,143    757,501.75    344,939.67       4.54
  1018 CALCAS                       1,600     71,235.11      0.95      434     10,850.00    9,051    409,613.00    175,369.75       5.75
  1026 CAMISA                       7,968    243,436.98      3.24    4,372     72,098.75   32,759    967,227.60    390,583.26       3.97
  1047 LA                               0          0.00      0.00        0          0.00      172     12,083.10      4,868.10          ?
  1058 INVERNO PESADO                   0          0.00      0.00        0          0.00      227     16,058.90      6,119.52          ?
  1076 AGASALHO                       126      4,973.63      0.07      437     21,850.00    1,583    109,691.20     41,308.57      22.05
  1096 MOLETOM                          1         22.50      0.00        0          0.00    1,958     40,000.50     28,636.76   1,777.80
  1103 CAMISETA M/L                    14        157.98      0.00        0          0.00      202      5,044.00      2,156.96      31.93
  1134 CAMISETA M/C                11,458    293,014.39      3.89   18,280    155,991.00   41,044    957,385.20    380,894.21       3.27
  1147 BERMUDA                     15,181    472,257.84      6.28    5,861     75,270.51   45,044   1396,307.60    537,149.87       2.96
  1174 OUTROS                          83      1,975.70      0.03        0          0.00      846     68,066.47     14,008.47      34.45
---------------------------------------------------------------------------------------------------------------------------------------
T O T A I S ...............        45,677   1350,659.03     17.97   37,529    407,664.26  166,386   5006,435.32   2035,073.49      3.71
---------------------------------------------------------------------------------------------------------------------------------------

  1180 GUARDA CHUVA                   137      1,490.90      0.02        0          0.00      570      8,342.50      3,401.90       5.60
  1193 PANELAS                        429     35,291.76      0.47      806     22,973.42    1,978    139,407.90     67,402.88       3.95
  1211 MATERIAL ESCOLAR                 1         19.60      0.00    9,640     57,139.60   14,162    194,648.50     81,094.59   9,931.05
  1231 LOUCA                        1,003    112,242.85      1.49        0          0.00    2,232    194,627.70     94,097.40       1.73
  1239 INOX                           902     21,660.29      0.29        0          0.00    7,122    104,969.70     52,058.62       4.85
  1251 GARRAFA TERMICA                395     25,184.41      0.33        0          0.00    1,773     93,140.80     41,966.36       3.70
  3151 CAIXA BOMBOM                    24          0.24      0.00        0          0.00   16,374     38,680.44     68,158.42 161,168.50
  3156 OVOS                             2         43.90      0.00        0          0.00       65        930.20        621.59      21.19
  3197 COELHOS                          0          0.00      0.00        0          0.00      -29       -179.80        -81.52          ?
  3204 BARRA CHOCOLATES                 0          0.00      0.00        0          0.00      374        748.00        920.68          ?
  3209 CESTAS                           0          0.00      0.00        0          0.00    6,310     28,393.00     13,095.16          ?
  3280 NATAL                          673     15,340.27      0.20        0          0.00    3,309     57,895.20     22,433.09       3.77
---------------------------------------------------------------------------------------------------------------------------------------
T O T A I S ...............         3,566    211,274.22      2.80   10,446     80,113.02   54,241    861,604.14    445,169.17      4.08
---------------------------------------------------------------------------------------------------------------------------------------

  1258 COBERTOR                        71     11,486.84      0.15        0          0.00    1,737    287,113.00    125,334.03      24.99
  1270 EDREDON                        243     17,125.28      0.23        0          0.00    3,098    205,541.00     95,405.07      12.00
  1284 TOALHA                      34,820    434,910.17      5.78        0          0.00   51,074    684,176.94    307,795.70       1.57
  1309 JOGO LENCOL                  2,467    108,280.96      1.44    1,608     35,950.08   16,463    729,541.20    329,982.87       6.74
  1323 LENCOL DE BAIXO                696     12,714.08      0.17      420      3,678.00    7,244    126,598.80     56,126.60       9.96
  1335 COLCHA                          93      9,141.74      0.12      108      5,312.79      580     54,761.50     25,030.17       5.99
  1346 JOGOS COORDENADOS                1        631.35      0.01        0          0.00       17        801.50        535.67       1.27
  1351 TOALHA MESA                    454      7,609.41      0.10        0          0.00    2,321     41,972.00     18,570.36       5.52
  1359 TRAVESSEIRO                    833     17,388.06      0.23      300      2,382.00    1,873     34,753.80     13,882.56       2.00
  1365 FRONHA                         775      3,913.83      0.05      600      1,356.00    5,696     23,608.00      9,919.90       6.03
  1371 TAPETE                         219      8,816.42      0.12      120      2,544.00    1,080     34,537.20     15,455.57       3.92
  1379 PANO COPA                    2,068      7,143.88      0.09        0          0.00   18,192     65,750.75     29,829.68       9.20
---------------------------------------------------------------------------------------------------------------------------------------
T O T A I S ...............        42,740    639,162.02      8.49    3,156     51,222.87  109,375   2289,155.69   1027,868.18      3.58
---------------------------------------------------------------------------------------------------------------------------------------

  1385 SOUTIEN                      4,746     59,179.10      0.79    3,409     25,882.99   14,350    180,822.30     78,911.09       3.06
  1396 CALCINHA                     5,247     49,479.68      0.66    1,800      9,721.00   16,211    156,018.60     68,907.63       3.15
  1404 CUECAS                       5,064     65,450.14      0.87    1,920     10,662.40    8,580    110,934.00     50,578.82       1.69
  1413 MEIA                         6,049     48,086.24      0.64    1,164      4,316.88   38,886    272,089.92    112,726.60       5.66
  1441 PIJAMAS                        220      2,929.51      0.04        0          0.00    3,336     92,761.10     44,269.60      31.66
---------------------------------------------------------------------------------------------------------------------------------------
T O T A I S ...............        21,326    225,124.67      3.00    8,293     50,583.27   81,363    812,625.92    355,393.74      3.61
---------------------------------------------------------------------------------------------------------------------------------------

  1457 CALCADOS MASCULINOS          2,708    271,288.18      3.61    2,700    110,408.40   14,608   1405,269.50    716,572.55       5.18
  1465 TENIS                        5,036    373,538.76      4.96    4,656    152,603.28   41,155   2756,776.10   1267,189.91       7.38
  1487 SAPATOS FEMININOS           16,246    548,785.50      7.29    3,132     64,967.16   46,329   1809,701.20    840,543.50       3.30
  1523 BOLSA                          328     16,202.45      0.22      400      9,142.00    1,872     86,610.70     39,869.28       5.35
  1535 CINTOS                         919      9,812.46      0.13        0          0.00   12,252    163,055.00     74,694.33      16.62
  1542 CHINELOS                     7,139    163,511.07      2.17    2,100     31,180.20   25,889    560,551.40    267,436.85       3.43
---------------------------------------------------------------------------------------------------------------------------------------
T O T A I S ...............        32,376   1383,138.42     18.38   12,988    368,301.04  142,105   6781,963.90   3206,306.42      4.90
---------------------------------------------------------------------------------------------------------------------------------------

  3065 PRODUTOS DIVERSOS              153      1,265.22      0.02      699     26,055.00  193,604    276,881.63   1149,972.45     218.84
---------------------------------------------------------------------------------------------------------------------------------------
T O T A I S ...............           153      1,265.22      0.02      699     26,055.00  193,604    276,881.63   1149,972.45    218.84
---------------------------------------------------------------------------------------------------------------------------------------

---------------------------------------------------------------------------------------------------------------------------------------
T O T A L  G E R A L ......       256,694   7524,266.81     99.99  130,986   1806,603.65 1191,540  31937,069.08  14758,135.10      4.24
---------------------------------------------------------------------------------------------------------------------------------------
