    01 30000
    02 30001
    03 30002
    04 30003
    05 30004
    06 30005
    07 30006
    08 30007
    09 30008
    10 30009
    11 30010
    12 30011
    13 30012
    15 30013
    16 30014
    17 30015
    18 30016
    19 30017
    20 30018
    21 30019
    22 30020
    23 30021
    24 30022
    25 30023
    26 30024
    27 30025
    28 30026
    29 30027
    30 30028
    32 30029
    33 30030
    34 30031
    35 30032
    36 30033
    37 30034
    39 30035
    40 30036
    41 30037
    42 30038
    43 30039
    44 30040
    45 30041
    46 30042
    47 30043
    48 30044
    49 30045
    50 30046
    51 30047
    53 30048
    54 30049
    55 30050
    56 30051
    57 30052
    58 30053
    59 30054
    60 30055
    61 30056
    62 30057
    63 30058
    64 30059
    65 30060
    66 30061
    67 30062
    68 30063
    69 30064
    70 30065
    71 30066
    72 30067
    73 30068
    74 30069
    75 30070
    76 30071
    77 30072
    78 30073
    79 30074
    80 30075
    81 30076
    82 30077
    83 30078
    84 30079
    85 30080
    86 30081
    89 30082
    90 30083
    91 30084
    92 30085
    93 30086
    94 30087
    96 30088
    99 30089
   100 30090
   101 30091
   102 30092
   103 30093
   104 30094
   105 30095
   106 30096
   107 30097
   108 30098
   109 30099
   110 30100
   111 30101
   112 30102
   114 30103
   115 30104
   116 30105
   117 30106
   118 30107
   120 30108
   121 30109
   122 30110
   123 30111
   124 30112
   125 30113
   126 30114
   127 30115
   128 30116
   129 30117
   130 30118
   131 30119
   132 30120
   133 30121
   135 30122
   136 30123
   137 30124
   138 30125
   139 30126
   140 30127
   141 30128
   142 30129
   143 30130
   144 30131
   145 30132
   146 30133
   147 30134
   148 30135
   149 30136
   150 30137
   151 30138
   152 30139
   153 30140
   154 30141
   155 30142
   156 30143
   157 30144
   158 30145
   159 30146
   160 30147
   161 30148
   162 30149
   163 30150
   164 30151
   165 30152
   166 30153
   167 30154
   168 30155
   169 30156
   170 30157
   171 30158
   172 30159
   174 30160
   175 30161
   176 30162
   177 30163
   178 30164
   179 30165
   180 30166
   181 30167
   182 30168
   183 30169
   184 30170
   185 30171
   186 30172
   187 30173
   188 30174
   189 30175
   190 30176
   191 30177
   192 30178
   193 30179
   194 30180
   195 30181
   196 30182
   197 30183
   198 30184
   199 30185
   200 30186
   201 30187
   202 30188
   203 30189
   204 30190
   205 30191
   206 30192
   207 30193
   208 30194
   209 30195
   210 30196
   211 30197
   212 30198
   213 30199
   214 30200
   215 30201
   216 30202
   217 30203
   218 30204
   219 30205
   220 30206
   221 30207
   222 30208
   223 30209
   224 30210
   225 30211
   226 30212
   227 30213
   228 30214
   229 30215
   230 30216
   232 30217
   233 30218
   234 30219
   235 30220
   236 30221
   237 30222
   238 30223
   239 30224
   240 30225
   241 30226
   242 30227
   243 30228
   244 30229
   245 30230
   246 30231
   247 30232
   249 30233
   250 30234
   273 30235
   300 30236
   452 30237
   453 30238
   454 30239
   455 30240
   456 30241
   457 30242
   470 30243
   471 30244
   472 30245
   478 30246
   479 30247
   481 30248
   482 30249
   483 30250
   484 30251
   498 30252
   499 30253
   500 30254
   501 30255
   502 30256
   503 30257
   504 30258
   510 30259
   511 30260
   512 30261
   513 30262
   514 30263
   515 30264
   516 30265
   517 30266
   519 30267
   520 30268
   522 30269
   523 30270
   524 30271
   525 30272
   526 30273
   527 30274
   528 30275
   529 30276
   530 30277
   531 30278
   532 30279
   533 30280
   535 30281
   536 30282
   537 30283
   539 30284
   540 30285
   541 30286
   542 30287
   550 30288
   551 30289
   560 30290
   562 30291
   565 30292
   570 30293
   575 30294
   576 30295
   577 30296
   578 30297
   580 30298
   620 30299
   621 30300
   622 30301
   623 30302
   624 30303
   625 30304
   626 30305
   627 30306
   628 30307
   629 30308
   630 30309
   631 30310
   632 30311
   633 30312
   634 30313
   635 30314
   636 30315
   637 30316
   638 30317
   639 30318
   640 30319
   641 30320
   642 30321
   643 30322
   644 30323
   645 30324
   646 30325
   647 30326
   648 30327
   649 30328
   650 30329
   651 30330
   652 30331
   653 30332
   654 30333
   655 30334
   656 30335
   657 30336
   658 30337
   659 30338
   660 30339
   661 30340
   663 30341
   664 30342
   665 30343
   666 30344
   667 30345
   668 30346
   669 30347
   670 30348
   671 30349
   672 30350
   675 30351
   676 30352
   677 30353
   678 30354
   679 30355
   680 30356
   681 30357
   682 30358
   683 30359
   684 30360
   685 30361
   686 30362
   687 30363
   688 30364
   689 30365
   690 30366
   691 30367
   692 30368
   693 30369
   694 30370
   695 30371
   696 30372
   697 30373
   698 30374
   699 30375
   700 30376
   701 30377
   702 30378
   703 30379
   704 30380
   705 30381
   706 30382
   707 30383
   708 30384
   709 30385
   710 30386
   711 30387
   712 30388
   713 30389
   715 30390
   716 30391
   717 30392
   718 30393
   719 30394
   720 30395
   721 30396
   722 30397
   723 30398
   725 30399
   728 30400
   729 30401
   732 30402
   733 30403
   734 30404
   735 30405
   736 30406
   737 30407
   738 30408
   739 30409
   741 30410
   742 30411
   743 30412
   744 30413
   745 30414
   746 30415
   747 30416
   748 30417
   749 30418
   750 30419
   751 30420
   752 30421
   753 30422
   754 30423
   758 30424
   761 30425
   765 30426
   766 30427
   769 30428
   770 30429
   771 30430
   772 30431
   773 30432
   774 30433
   775 30434
   778 30435
   779 30436
   780 30437
   787 30438
   788 30439
   789 30440
   790 30441
   900 30442
   901 30443
   902 30444
   903 30445
   904 30446
   905 30447
   906 30448
   907 30449
   908 30450
   909 30451
   910 30452
   911 30453
   913 30454
   914 30455
   915 30456
   916 30457
   917 30458
   918 30459
   919 30460
   920 30461
   921 30462
   922 30463
   923 30464
   924 30465
   925 30466
   926 30467
   927 30468
   928 30469
   929 30470
   930 30471
  1000 30472
  1001 30473
  1002 30474
  1003 30475
  1004 30476
  1005 30477
  1006 30478
  1007 30479
  1008 30480
  1009 30481
  1010 30482
  1011 30483
  1012 30484
  1013 30485
  1014 30486
  1015 30487
  1016 30488
  1017 30489
  1018 30490
  1019 30491
  1020 30492
  1021 30493
  1022 30494
  1023 30495
  1024 30496
  1025 30497
  1026 30498
  1028 30499
  1029 30500
  1030 30501
  1031 30502
  1032 30503
  1033 30504
  1034 30505
  1035 30506
  1036 30507
  1037 30508
  1038 30509
  1039 30510
  1040 30511
  1041 30512
  1042 30513
  1043 30514
  1044 30515
  1046 30516
  1047 30517
  1048 30518
  1049 30519
  3035 30520
  5001 30521
  5002 30522
  5003 30523
  5004 30524
  5005 30525
  5006 30526
  5007 30527
  5008 30528
  5009 30529
  5010 30530
  5011 30531
  5012 30532
  5013 30533
  5014 30534
  5015 30535
  5016 30536
  5017 30537
  5018 30538
  5019 30539
  5020 30540
  5021 30541
  5022 30542
  5023 30543
  5024 30544
  5025 30545
  5026 30546
  5027 30547
  5028 30548
  5029 30549
  5030 30550
  5031 30551
  5032 30552
  5033 30553
  5034 30554
  5035 30555
  5036 30556
  5037 30557
  5038 30558
  5039 30559
  5040 30560
  5041 30561
  5042 30562
  5043 30563
  5044 30564
  5045 30565
  5046 30566
  5047 30567
  5048 30568
  5049 30569
  5050 30570
  5051 30571
  5052 30572
  5053 30573
  5054 30574
  5055 30575
  5056 30576
  5057 30577
  5058 30578
  5059 30579
  5060 30580
  5061 30581
  5062 30582
  5063 30583
  5064 30584
  5065 30585
  5066 30586
  5067 30587
  5068 30588
  5069 30589
  5070 30590
  5071 30591
  5073 30592
  5074 30593
  5075 30594
  5076 30595
  5077 30596
  5078 30597
  5079 30598
  5080 30599
  5081 30600
  5082 30601
  5083 30602
  5084 30603
  5085 30604
  5086 30605
  5087 30606
  5088 30607
  5089 30608
  5090 30609
  5091 30610
  5092 30611
  5093 30612
  5094 30613
  5095 30614
  5096 30615
  5097 30616
  5098 30617
  5099 30618
  5100 30619
  5101 30620
  5102 30621
  5103 30622
  5104 30623
  5105 30624
  5106 30625
  5107 30626
  5108 30627
  5109 30628
  5110 30629
  5111 30630
  5112 30631
  5113 30632
  5114 30633
  5115 30634
  5116 30635
  5117 30636
  5118 30637
  5119 30638
  5120 30639
  5121 30640
  5122 30641
  5123 30642
  5125 30643
  5126 30644
  5127 30645
  5128 30646
  5129 30647
  5130 30648
  5131 30649
  5132 30650
  5133 30651
  5134 30652
  5135 30653
  5136 30654
  5137 30655
  5138 30656
  5139 30657
  5140 30658
  5141 30659
  5142 30660
  5143 30661
  5144 30662
  5145 30663
  5146 30664
  5147 30665
  5148 30666
  5149 30667
  5150 30668
  5151 30669
  5152 30670
  5153 30671
  5154 30672
  5155 30673
  5156 30674
  5157 30675
  5158 30676
  5159 30677
  5160 30678
  5161 30679
  5162 30680
  5163 30681
  5164 30682
  5165 30683
  5166 30684
  5167 30685
  5168 30686
  5169 30687
  5170 30688
  5171 30689
  5172 30690
  5173 30691
  5174 30692
  5175 30693
  5176 30694
  5177 30695
  5178 30696
  5179 30697
  5180 30698
  5181 30699
  5182 30700
  5183 30701
  5184 30702
  5185 30703
  5186 30704
  5187 30705
  5188 30706
  5189 30707
  5190 30708
  5191 30709
  5192 30710
  5193 30711
  5194 30712
  5195 30713
  5196 30714
  5197 30715
  5198 30716
  5199 30717
  5200 30718
  5201 30719
  5202 30720
  5203 30721
  5204 30722
  5205 30723
  5206 30724
  5207 30725
  5208 30726
  5209 30727
  5210 30728
  5211 30729
  5212 30730
  5213 30731
  5214 30732
  5215 30733
  5216 30734
  5217 30735
  5218 30736
  5219 30737
  5220 30738
  5221 30739
  5222 30740
  5223 30741
  5224 30742
  5225 30743
  5226 30744
  5227 30745
  5228 30746
  5229 30747
  5230 30748
  5231 30749
  5232 30750
  5233 30751
  5234 30752
  5235 30753
  5236 30754
  5237 30755
  5238 30756
  5239 30757
  5240 30758
  5241 30759
  5242 30760
  5243 30761
  5244 30762
  5245 30763
  5246 30764
  5247 30765
  5248 30766
  5249 30767
  5250 30768
  5251 30769
  5252 30770
  5253 30771
  5254 30772
  5255 30773
  5256 30774
  5257 30775
  5258 30776
  5259 30777
  5260 30778
  5261 30779
  5262 30780
  5263 30781
  5264 30782
  5265 30783
  5266 30784
  5267 30785
  5268 30786
  5269 30787
  5270 30788
  5271 30789
  5272 30790
  5273 30791
  5274 30792
  5275 30793
  5276 30794
  5277 30795
  5278 30796
  5279 30797
  5280 30798
  5281 30799
  5282 30800
  5284 30801
  5285 30802
  5286 30803
  5287 30804
  5288 30805
  5289 30806
  5290 30807
  5291 30808
  5292 30809
  5293 30810
  5294 30811
  5295 30812
  5296 30813
  5297 30814
  5298 30815
  5299 30816
  5300 30817
  5301 30818
  5302 30819
  5303 30820
  5304 30821
  5305 30822
  5306 30823
  5307 30824
  5308 30825
  5309 30826
  5310 30827
  5311 30828
  5312 30829
  5313 30830
  5314 30831
  5315 30832
  5316 30833
  5317 30834
  5318 30835
  5319 30836
  5320 30837
  5321 30838
  5322 30839
  5323 30840
  5324 30841
  5325 30842
  5326 30843
  5327 30844
  5328 30845
  5329 30846
  5330 30847
  5331 30848
  5332 30849
  5333 30850
  5334 30851
  5335 30852
  5336 30853
  5337 30854
  5338 30855
  5339 30856
  5340 30857
  5341 30858
  5342 30859
  5343 30860
  5344 30861
  5345 30862
  5347 30863
  5348 30864
  5349 30865
  5350 30866
  5351 30867
  5352 30868
  5353 30869
  5354 30870
  5355 30871
  5356 30872
  5357 30873
  5358 30874
  5359 30875
  5360 30876
  5361 30877
  5362 30878
  5363 30879
  5364 30880
  5365 30881
  5366 30882
  5367 30883
  5368 30884
  5369 30885
  5370 30886
  5371 30887
  5372 30888
  5373 30889
  5374 30890
  5375 30891
  5376 30892
  5377 30893
  5378 30894
  5379 30895
  5380 30896
  5381 30897
  5382 30898
  5383 30899
  5384 30900
  5385 30901
  5386 30902
  5387 30903
  5388 30904
  5389 30905
  5390 30906
  5391 30907
  5392 30908
  5393 30909
  5394 30910
  5395 30911
  5396 30912
  5397 30913
  5398 30914
  5399 30915
  5400 30916
  5401 30917
  5402 30918
  5403 30919
  5404 30920
  5405 30921
  5406 30922
  5407 30923
  5408 30924
  5409 30925
  5410 30926
  5411 30927
  5412 30928
  5413 30929
  5414 30930
  5415 30931
  5416 30932
  5417 30933
  5418 30934
  5419 30935
  5420 30936
  5421 30937
  5422 30938
  5423 30939
  5424 30940
  5425 30941
  5426 30942
  5427 30943
  5428 30944
  5429 30945
  5430 30946
  5431 30947
  5432 30948
  5433 30949
  5434 30950
  5435 30951
  5436 30952
  5437 30953
  5438 30954
  5439 30955
  5440 30956
  5441 30957
  5442 30958
  5443 30959
  5444 30960
  5445 30961
  5446 30962
  5447 30963
  5448 30964
  5449 30965
  5450 30966
  5451 30967
  5452 30968
  5453 30969
  5454 30970
  5455 30971
  5456 30972
  5457 30973
  5458 30974
  5459 30975
  5460 30976
  5461 30977
  5462 30978
  5463 30979
  5464 30980
  5465 30981
  5466 30982
  5467 30983
  5468 30984
  5469 30985
  5470 30986
  5471 30987
  5472 30988
  5473 30989
  5474 30990
  5475 30991
  5476 30992
  5477 30993
  5478 30994
  5479 30995
  5480 30996
  5481 30997
  5482 30998
  5483 30999
  5484 31000
  5485 31001
  5486 31002
  5487 31003
  5488 31004
  5489 31005
  5490 31006
  5491 31007
  5492 31008
  5493 31009
  5494 31010
  5495 31011
  5497 31012
  5498 31013
  5499 31014
  5500 31015
  5501 31016
  5502 31017
  5503 31018
  5504 31019
  5505 31020
  5506 31021
  5507 31022
  5508 31023
  5509 31024
  5510 31025
  5511 31026
  5512 31027
  5513 31028
  5514 31029
  5515 31030
  5516 31031
  5517 31032
  5518 31033
  5519 31034
  5520 31035
  5521 31036
  5522 31037
  5523 31038
  5524 31039
  5525 31040
  5526 31041
  5527 31042
  5528 31043
  5529 31044
  5530 31045
  5531 31046
  5532 31047
  5533 31048
  5534 31049
  5535 31050
  5536 31051
  5537 31052
  5538 31053
  5539 31054
  5540 31055
  5541 31056
  5542 31057
  5543 31058
  5544 31059
  5545 31060
  5546 31061
  5547 31062
  5548 31063
  5549 31064
  5550 31065
  5551 31066
  5552 31067
  5553 31068
  5554 31069
  5555 31070
  5556 31071
  5557 31072
  5558 31073
  5559 31074
  5560 31075
  5561 31076
  5562 31077
  5563 31078
  5564 31079
  5565 31080
  5566 31081
  5567 31082
  5568 31083
  5569 31084
  5570 31085
  5571 31086
  5572 31087
  5573 31088
  5574 31089
  5575 31090
  5576 31091
  5577 31092
  5578 31093
  5579 31094
  5580 31095
  5581 31096
  5582 31097
  5583 31098
  5584 31099
  5585 31100
  5586 31101
  5587 31102
  5588 31103
  5589 31104
  5590 31105
  5591 31106
  5592 31107
  5593 31108
  5594 31109
  5595 31110
  5596 31111
  5597 31112
  5598 31113
  5599 31114
  5600 31115
  5601 31116
  5602 31117
  5603 31118
  5604 31119
  5605 31120
  5606 31121
  5607 31122
  5608 31123
  5609 31124
  5610 31125
  5611 31126
  5612 31127
  5613 31128
  5614 31129
  5615 31130
  5616 31131
  5617 31132
  5618 31133
  5619 31134
  5620 31135
  5621 31136
  5622 31137
  5623 31138
  5624 31139
  5625 31140
  5626 31141
  5627 31142
  5628 31143
  5629 31144
  5630 31145
  5631 31146
  5632 31147
  5633 31148
  5634 31149
  5635 31150
  5636 31151
  5637 31152
  5638 31153
  5639 31154
  5640 31155
  5641 31156
  5642 31157
  5643 31158
  5644 31159
  5645 31160
  5646 31161
  5647 31162
  5648 31163
  5649 31164
  5650 31165
  5651 31166
  5652 31167
  5653 31168
  5654 31169
  5655 31170
  5656 31171
  5657 31172
  5658 31173
  5659 31174
  5660 31175
  5661 31176
  5662 31177
  5663 31178
  5664 31179
  5665 31180
  5666 31181
  5667 31182
  5668 31183
  5669 31184
  5670 31185
  5671 31186
  5672 31187
  5673 31188
  5674 31189
  5675 31190
  5676 31191
  5677 31192
  5678 31193
  5679 31194
  5680 31195
  5681 31196
  5682 31197
  5683 31198
  5684 31199
  5685 31200
  5686 31201
  5687 31202
  5688 31203
  5689 31204
  5690 31205
  5691 31206
  5692 31207
  5693 31208
  5694 31209
  5695 31210
  5696 31211
  5697 31212
  5699 31213
  5700 31214
  5701 31215
  5702 31216
  5703 31217
  5704 31218
  5705 31219
  5706 31220
  5707 31221
  5708 31222
  5709 31223
  5710 31224
  5711 31225
  5712 31226
  5713 31227
  5714 31228
  5715 31229
  5716 31230
  5717 31231
  5718 31232
  5719 31233
  5720 31234
  5721 31235
  5722 31236
  5723 31237
  5724 31238
  5725 31239
  5726 31240
  5727 31241
  5728 31242
  5729 31243
  5730 31244
  5731 31245
  5732 31246
  5733 31247
  5734 31248
  5735 31249
  5736 31250
  5737 31251
  5738 31252
  5739 31253
  5740 31254
  5741 31255
  5742 31256
  5743 31257
  5744 31258
  5745 31259
  5746 31260
  5747 31261
  5748 31262
  5749 31263
  5750 31264
  5751 31265
  5752 31266
  5753 31267
  5754 31268
  5755 31269
  5756 31270
  5757 31271
  5758 31272
  5759 31273
  5760 31274
  5761 31275
  5762 31276
  5763 31277
  5764 31278
  5765 31279
  5766 31280
  5767 31281
  5768 31282
  5769 31283
  5770 31284
  5771 31285
  5772 31286
  5773 31287
  5774 31288
  5775 31289
  5776 31290
  5777 31291
  5778 31292
  5779 31293
  5780 31294
  5781 31295
  5782 31296
  5783 31297
  5784 31298
  5785 31299
  5786 31300
  5787 31301
  5788 31302
  5789 31303
  5790 31304
  5791 31305
  5792 31306
  5793 31307
  5794 31308
  5795 31309
  5796 31310
  5797 31311
  5798 31312
  5799 31313
  5800 31314
  5801 31315
  5802 31316
  5803 31317
  5804 31318
  5805 31319
  5806 31320
  5807 31321
  5808 31322
  5809 31323
  5810 31324
  5811 31325
  5812 31326
  5813 31327
  5814 31328
  5815 31329
  5816 31330
  5817 31331
  5818 31332
  5819 31333
  5820 31334
  5821 31335
  5822 31336
  5823 31337
  5824 31338
  5825 31339
  5826 31340
  5827 31341
  5828 31342
  5829 31343
  5830 31344
  5831 31345
  5832 31346
  5833 31347
  5834 31348
  5835 31349
  5836 31350
  5837 31351
  5838 31352
  5839 31353
  5840 31354
  5841 31355
  5842 31356
  5883 31357
  5884 31358
  5885 31359
  5886 31360
  5887 31361
  5888 31362
  5889 31363
  5890 31364
  5891 31365
  5892 31366
  5893 31367
  5894 31368
  5895 31369
  5896 31370
  5897 31371
  5898 31372
  5899 31373
  5900 31374
  5901 31375
  5902 31376
  5903 31377
  5904 31378
  5905 31379
  5906 31380
  5907 31381
  5908 31382
  5910 31383
  5911 31384
  5912 31385
  5913 31386
  5914 31387
  5915 31388
  5916 31389
  5917 31390
  5918 31391
  5919 31392
  5921 31393
  5923 31394
  5924 31395
  5925 31396
  5926 31397
  5927 31398
  5928 31399
  5929 31400
  5932 31401
  5933 31402
  5935 31403
  5936 31404
  5937 31405
  5938 31406
  5939 31407
  5941 31408
  5942 31409
  5943 31410
  5944 31411
  5945 31412
  5946 31413
  5947 31414
  5948 31415
  5949 31416
  5950 31417
  5951 31418
  5952 31419
  5953 31420
  5954 31421
  5955 31422
  5956 31423
  5957 31424
  5958 31425
  5959 31426
  5960 31427
  5961 31428
  5962 31429
  5963 31430
  5964 31431
  5965 31432
  5966 31433
  5967 31434
  5968 31435
  5969 31436
  5970 31437
  5971 31438
  5972 31439
  5973 31440
  5974 31441
  5975 31442
  5976 31443
  5977 31444
  5978 31445
  5979 31446
  5980 31447
  5981 31448
  5982 31449
  5983 31450
  5984 31451
  5985 31452
  5986 31453
  5987 31454
  5988 31455
  5989 31456
  5990 31457
  5991 31458
  5992 31459
  5993 31460
  5994 31461
  5995 31462
  5996 31463
  5997 31464
  5998 31465
  5999 31466
  6000 31467
  6001 31468
  6002 31469
  6003 31470
  6004 31471
  6006 31472
  6007 31473
  6008 31474
  6009 31475
  6010 31476
  6011 31477
  6013 31478
  6014 31479
  6015 31480
  6016 31481
  6019 31482
  6020 31483
  6021 31484
  6022 31485
  6023 31486
  6024 31487
  6025 31488
  6026 31489
  6027 31490
  6028 31491
  6029 31492
  6030 31493
  6031 31494
  6032 31495
  6033 31496
  6034 31497
  6035 31498
  6036 31499
  6037 31500
  6038 31501
  6039 31502
  6040 31503
  6041 31504
  6042 31505
  6043 31506
  6044 31507
  6045 31508
  6046 31509
  6047 31510
  6048 31511
  6049 31512
  6050 31513
  6051 31514
  6052 31515
  6054 31516
  6055 31517
  6056 31518
  6057 31519
  6058 31520
  6059 31521
  6060 31522
  6061 31523
  6063 31524
  6064 31525
  6065 31526
  6066 31527
  6067 31528
  6068 31529
  6069 31530
  6070 31531
  6071 31532
  6072 31533
  6073 31534
  6074 31535
  6075 31536
  6078 31537
  6079 31538
  6080 31539
  6081 31540
  6082 31541
  6083 31542
  6084 31543
  6085 31544
  6086 31545
  6087 31546
  6088 31547
  6089 31548
  6090 31549
  6091 31550
  6092 31551
  6093 31552
  6094 31553
  6096 31554
  6097 31555
  6098 31556
  6099 31557
  6100 31558
  6101 31559
  6102 31560
  6104 31561
  6105 31562
  6106 31563
  6107 31564
  6108 31565
  6109 31566
  6110 31567
  6111 31568
  6112 31569
  6113 31570
  6114 31571
  6115 31572
  6116 31573
  6117 31574
  6118 31575
  6119 31576
  6120 31577
  6121 31578
  6122 31579
  6123 31580
  6124 31581
  6125 31582
  6126 31583
  6127 31584
  6128 31585
  6129 31586
  6130 31587
  6131 31588
  6132 31589
  6133 31590
  6134 31591
  6135 31592
  6136 31593
  6137 31594
  6138 31595
  6139 31596
  6140 31597
  6141 31598
  6142 31599
  6143 31600
  6144 31601
  6145 31602
  6146 31603
  6147 31604
  6148 31605
  6149 31606
  6150 31607
  6151 31608
  6152 31609
  6153 31610
  6154 31611
  6155 31612
  6156 31613
  6157 31614
  6158 31615
  6159 31616
  6160 31617
  6161 31618
  6162 31619
  6163 31620
  6164 31621
  6165 31622
  6166 31623
  6167 31624
  6168 31625
  6169 31626
  6170 31627
  6171 31628
  6172 31629
  7000 31630
  8000 31631
 10001 31632
 10002 31633
 10003 31634
 10004 31635
 10005 31636
 10006 31637
 10007 31638
 10008 31639
 10009 31640
 10010 31641
 10011 31642
 10012 31643
 10013 31644
 10014 31645
 10015 31646
 10016 31647
 10017 31648
 10018 31649
 10019 31650
 10020 31651
 10021 31652
 10022 31653
 10023 31654
 10024 31655
 10025 31656
 10026 31657
 10027 31658
 10028 31659
 10029 31660
 10030 31661
 10031 31662
 10032 31663
 10033 31664
 10034 31665
 10035 31666
 10036 31667
 10037 31668
 10038 31669
 10039 31670
 10040 31671
 10041 31672
 10042 31673
 10043 31674
 10044 31675
 10047 31676
 10048 31677
 10049 31678
 10050 31679
 10051 31680
 10052 31681
 10053 31682
 10054 31683
 10055 31684
 10056 31685
 10057 31686
 10058 31687
 10059 31688
 10060 31689
 10061 31690
 10062 31691
 10063 31692
 10064 31693
 10065 31694
 10066 31695
 10067 31696
 10068 31697
 10069 31698
 10070 31699
 10071 31700
 10072 31701
 10073 31702
 10074 31703
 10075 31704
 10076 31705
 10077 31706
 10078 31707
 10079 31708
 10080 31709
 10081 31710
 10082 31711
 10083 31712
 10084 31713
 10085 31714
 10086 31715
 10087 31716
 10088 31717
 10137 31718
 10138 31719
 10139 31720
 10140 31721
 10142 31722
 20001 31723
 20002 31724
 20003 31725
 20004 31726
 20005 31727
 20006 31728
 20007 31729
 20008 31730
 20009 31731
 20010 31732
 20011 31733
 20012 31734
 20013 31735
 20014 31736
 20015 31737
 20016 31738
 20017 31739
 20018 31740
 20019 31741
 20021 31742
 20022 31743
 20024 31744
 20025 31745
 20026 31746
 20027 31747
 20028 31748
 20029 31749
 20032 31750
 20033 31751
 20034 31752
 20035 31753
 20036 31754
 20037 31755
 20040 31756
 20043 31757
 20045 31758
 20046 31759
 20047 31760
 20048 31761
 20050 31762
 20051 31763
 20052 31764
 20053 31765
 20055 31766
 20056 31767
 20057 31768
 20058 31769
 20059 31770
 20060 31771
 20061 31772
 20062 31773
 20063 31774
 20068 31775
 20900 31776
 60100 31777
 60101 31778
 60102 31779
 60103 31780
 60104 31781
 60105 31782
 60106 31783
 60107 31784
 60108 31785
 60109 31786
 60110 31787
 60111 31788
 60112 31789
 60113 31790
 60114 31791
 60115 31792
 60116 31793
 60117 31794
 60119 31795
 60121 31796
 60122 31797
 60123 31798
 60125 31799
 60126 31800
 60127 31801
 60128 31802
 60129 31803
 60130 31804
 60131 31805
 60132 31806
 60133 31807
 60134 31808
 60135 31809
 60136 31810
 90000 31811
100001 31812
100002 31813
100003 31814
100004 31815
100005 31816
100007 31817
100009 31818
100010 31819
100011 31820
100012 31821
100013 31822
100014 31823
100015 31824
100016 31825
100018 31826
100019 31827
100020 31828
100021 31829
100022 31830
100023 31831
100024 31832
100026 31833
100028 31834
100029 31835
100030 31836
100031 31837
100032 31838
100033 31839
100034 31840
100035 31841
100038 31842
100039 31843
100040 31844
100041 31845
100042 31846
100043 31847
100044 31848
100045 31849
100046 31850
100047 31851
100048 31852
100050 31853
100051 31854
100052 31855
100053 31856
100054 31857
100055 31858
100056 31859
100059 31860
100060 31861
100061 31862
100062 31863
100063 31864
100064 31865
100066 31866
100067 31867
100068 31868
100069 31869
100070 31870
100071 31871
100072 31872
100073 31873
100074 31874
100075 31875
100076 31876
100077 31877
100078 31878
100079 31879
100080 31880
100081 31881
100082 31882
100083 31883
100084 31884
100085 31885
100086 31886
100087 31887
100088 31888
100089 31889
100090 31890
100095 31891
100096 31892
100101 31893
100102 31894
100103 31895
100104 31896
100105 31897
100106 31898
100108 31899
100109 31900
100110 31901
100111 31902
100112 31903
100113 31904
100114 31905
100115 31906
100116 31907
100117 31908
100118 31909
100119 31910
100120 31911
100121 31912
100122 31913
100123 31914
100124 31915
100125 31916
100126 31917
100127 31918
100128 31919
100129 31920
100130 31921
100131 31922
100132 31923
100133 31924
100134 31925
100135 31926
100136 31927
100137 31928
100138 31929
100139 31930
100140 31931
100141 31932
100142 31933
100143 31934
100144 31935
100145 31936
100146 31937
100148 31938
100149 31939
100150 31940
100151 31941
100153 31942
100154 31943
100155 31944
100156 31945
100157 31946
100158 31947
100159 31948
100160 31949
100161 31950
100162 31951
100163 31952
100164 31953
100165 31954
100166 31955
100167 31956
100171 31957
100173 31958
100174 31959
100177 31960
100178 31961
100179 31962
100180 31963
100181 31964
100182 31965
100183 31966
100185 31967
100186 31968
100187 31969
100188 31970
100189 31971
100190 31972
100191 31973
100192 31974
100193 31975
100194 31976
100195 31977
100196 31978
100197 31979
100198 31980
100199 31981
100200 31982
100201 31983
100202 31984
100203 31985
100204 31986
100205 31987
100206 31988
100207 31989
100208 31990
100209 31991
100210 31992
100211 31993
100212 31994
100213 31995
100214 31996
100215 31997
100216 31998
100217 31999
100218 32000
100219 32001
100220 32002
100221 32003
100222 32004
100224 32005
100225 32006
100226 32007
100227 32008
100228 32009
100229 32010
100230 32011
100231 32012
100232 32013
100233 32014
100234 32015
100235 32016
100236 32017
100237 32018
100238 32019
100239 32020
100240 32021
100243 32022
100244 32023
100245 32024
100246 32025
100247 32026
100248 32027
100249 32028
100250 32029
100251 32030
100252 32031
100253 32032
100254 32033
100255 32034
100256 32035
100257 32036
100258 32037
100259 32038
100260 32039
100261 32040
100262 32041
100263 32042
100264 32043
100265 32044
100266 32045
100267 32046
100268 32047
100269 32048
100270 32049
100271 32050
100272 32051
100273 32052
100274 32053
100275 32054
100276 32055
100277 32056
100278 32057
100279 32058
100280 32059
100281 32060
100283 32061
100284 32062
100285 32063
100286 32064
100287 32065
100288 32066
100289 32067
100290 32068
100291 32069
100292 32070
100293 32071
100294 32072
100295 32073
100296 32074
100297 32075
100298 32076
100299 32077
100300 32078
100303 32079
100304 32080
100305 32081
100306 32082
100307 32083
100308 32084
100309 32085
100310 32086
100311 32087
100312 32088
100313 32089
100314 32090
100315 32091
100316 32092
100317 32093
100318 32094
100319 32095
100320 32096
100321 32097
100322 32098
100323 32099
100324 32100
100325 32101
100326 32102
100327 32103
100328 32104
100329 32105
100330 32106
100331 32107
100332 32108
100333 32109
100334 32110
100335 32111
100336 32112
100337 32113
100338 32114
100339 32115
100340 32116
100341 32117
100342 32118
100343 32119
100344 32120
100345 32121
100346 32122
100347 32123
100348 32124
100349 32125
100353 32126
100354 32127
100355 32128
100356 32129
100357 32130
100358 32131
100359 32132
100360 32133
100361 32134
100362 32135
100363 32136
100364 32137
100365 32138
100366 32139
100367 32140
100368 32141
100369 32142
100370 32143
100371 32144
100372 32145
100373 32146
100374 32147
100375 32148
100376 32149
100377 32150
100378 32151
100379 32152
100380 32153
100381 32154
100382 32155
100383 32156
100384 32157
100385 32158
100386 32159
100387 32160
100388 32161
100389 32162
100390 32163
100391 32164
100392 32165
100393 32166
100394 32167
100395 32168
100396 32169
100397 32170
100398 32171
100399 32172
100400 32173
100401 32174
100402 32175
100403 32176
100404 32177
100405 32178
100406 32179
100407 32180
100408 32181
100409 32182
100410 32183
100411 32184
100412 32185
100413 32186
100414 32187
100415 32188
100416 32189
100417 32190
100418 32191
100419 32192
100420 32193
100421 32194
100422 32195
100423 32196
100424 32197
100425 32198
100426 32199
100427 32200
100428 32201
100429 32202
100430 32203
100431 32204
100432 32205
100433 32206
100434 32207
100435 32208
100436 32209
100437 32210
100438 32211
100439 32212
100440 32213
100441 32214
100442 32215
100443 32216
100444 32217
100445 32218
100446 32219
100447 32220
100448 32221
100449 32222
100450 32223
100451 32224
100452 32225
100453 32226
100454 32227
100455 32228
100457 32229
100458 32230
100459 32231
100460 32232
100461 32233
100463 32234
100464 32235
100465 32236
100466 32237
100467 32238
100468 32239
100469 32240
100470 32241
100471 32242
100472 32243
100473 32244
100474 32245
100475 32246
100476 32247
100477 32248
100478 32249
100479 32250
100480 32251
100481 32252
100482 32253
100483 32254
100484 32255
100485 32256
100486 32257
100487 32258
100488 32259
100489 32260
100490 32261
100491 32262
100492 32263
100493 32264
100494 32265
100495 32266
100496 32267
100497 32268
100498 32269
100499 32270
100500 32271
100501 32272
100502 32273
100503 32274
100504 32275
100505 32276
100506 32277
100507 32278
100508 32279
100509 32280
100510 32281
100511 32282
100512 32283
100513 32284
100514 32285
100515 32286
100516 32287
100517 32288
100518 32289
100519 32290
100520 32291
100521 32292
100522 32293
100523 32294
100524 32295
100525 32296
100526 32297
100527 32298
100528 32299
100529 32300
100530 32301
100531 32302
100532 32303
100533 32304
100534 32305
100535 32306
100536 32307
100537 32308
100538 32309
100539 32310
100540 32311
100541 32312
100542 32313
100543 32314
100544 32315
100545 32316
100546 32317
100547 32318
100548 32319
100549 32320
100550 32321
100551 32322
100552 32323
100553 32324
100554 32325
100555 32326
100556 32327
100557 32328
100558 32329
100559 32330
100560 32331
100561 32332
100562 32333
100563 32334
100564 32335
100565 32336
100566 32337
100567 32338
100568 32339
100569 32340
100570 32341
100571 32342
100572 32343
100573 32344
100574 32345
100575 32346
100576 32347
100577 32348
100578 32349
100579 32350
100580 32351
100581 32352
100582 32353
100583 32354
100584 32355
100585 32356
100586 32357
100587 32358
100588 32359
100589 32360
100590 32361
100591 32362
100592 32363
100593 32364
100594 32365
100595 32366
100596 32367
100597 32368
100598 32369
100599 32370
100600 32371
100601 32372
100602 32373
100603 32374
100604 32375
100605 32376
100606 32377
100607 32378
100608 32379
100609 32380
100610 32381
100611 32382
100612 32383
100613 32384
100615 32385
100616 32386
100617 32387
100618 32388
100619 32389
100620 32390
100621 32391
100622 32392
100623 32393
100624 32394
100625 32395
100626 32396
100628 32397
100629 32398
100630 32399
100631 32400
100632 32401
100633 32402
100634 32403
100635 32404
100636 32405
100637 32406
100638 32407
100639 32408
100640 32409
100641 32410
100642 32411
100644 32412
100645 32413
100646 32414
100647 32415
100648 32416
100649 32417
100650 32418
100651 32419
100652 32420
100653 32421
100654 32422
100655 32423
100656 32424
100657 32425
100658 32426
100659 32427
100660 32428
100661 32429
100662 32430
100663 32431
100664 32432
100665 32433
100666 32434
100667 32435
100668 32436
100669 32437
100670 32438
100671 32439
100672 32440
100673 32441
100674 32442
100675 32443
100676 32444
100677 32445
100678 32446
100679 32447
100680 32448
100681 32449
100682 32450
100683 32451
100684 32452
100685 32453
100686 32454
100687 32455
100688 32456
100689 32457
100690 32458
100691 32459
100692 32460
100693 32461
100694 32462
100695 32463
100696 32464
100697 32465
100698 32466
100699 32467
100700 32468
100701 32469
100702 32470
100703 32471
100704 32472
100705 32473
100706 32474
100707 32475
100708 32476
100709 32477
100710 32478
100711 32479
100712 32480
100713 32481
100714 32482
100715 32483
100717 32484
100718 32485
100719 32486
100720 32487
100721 32488
100722 32489
100723 32490
100724 32491
100725 32492
100726 32493
100727 32494
100728 32495
100729 32496
100730 32497
100731 32498
100732 32499
100733 32500
100734 32501
100735 32502
100736 32503
100737 32504
100738 32505
100739 32506
100740 32507
100741 32508
100742 32509
100743 32510
100744 32511
100745 32512
100746 32513
100747 32514
100748 32515
100749 32516
100750 32517
100751 32518
100753 32519
100754 32520
100755 32521
100756 32522
100757 32523
100758 32524
100759 32525
100760 32526
100761 32527
100762 32528
100763 32529
100764 32530
100765 32531
100766 32532
100767 32533
100768 32534
100769 32535
100770 32536
100771 32537
100772 32538
100773 32539
100774 32540
100775 32541
100776 32542
100777 32543
100778 32544
100779 32545
100780 32546
100781 32547
100782 32548
100783 32549
100784 32550
100785 32551
100786 32552
100787 32553
100788 32554
100789 32555
100790 32556
100791 32557
100792 32558
100793 32559
100795 32560
100796 32561
100797 32562
100798 32563
100799 32564
100800 32565
100801 32566
100802 32567
100803 32568
100804 32569
100805 32570
100806 32571
100807 32572
100808 32573
100809 32574
100810 32575
100811 32576
100812 32577
100813 32578
100814 32579
100815 32580
100816 32581
100817 32582
100818 32583
100819 32584
100820 32585
100821 32586
100822 32587
100823 32588
100824 32589
100825 32590
100826 32591
100827 32592
100828 32593
100829 32594
100830 32595
100831 32596
100832 32597
100833 32598
100835 32599
100836 32600
100837 32601
100838 32602
100839 32603
100840 32604
100841 32605
100842 32606
100843 32607
100844 32608
100845 32609
100846 32610
100847 32611
100848 32612
100849 32613
100850 32614
100851 32615
100852 32616
100853 32617
100854 32618
100855 32619
100856 32620
100857 32621
100858 32622
100859 32623
100860 32624
100861 32625
100862 32626
100863 32627
100864 32628
100865 32629
100866 32630
100867 32631
100868 32632
100869 32633
100870 32634
100871 32635
100872 32636
100873 32637
100874 32638
100875 32639
100876 32640
100877 32641
100878 32642
100879 32643
100880 32644
100881 32645
100882 32646
100883 32647
100884 32648
100885 32649
100886 32650
100887 32651
100888 32652
100889 32653
100890 32654
100891 32655
100892 32656
100893 32657
100894 32658
100895 32659
100896 32660
100897 32661
100898 32662
100900 32663
100901 32664
100902 32665
100903 32666
100904 32667
100905 32668
100906 32669
100907 32670
100908 32671
100909 32672
100910 32673
100911 32674
100912 32675
100913 32676
100914 32677
100915 32678
100917 32679
100918 32680
100919 32681
100920 32682
100921 32683
100922 32684
100923 32685
100924 32686
100925 32687
100926 32688
100927 32689
100928 32690
100929 32691
100930 32692
100931 32693
100932 32694
100933 32695
100934 32696
100935 32697
100936 32698
100937 32699
100938 32700
100940 32701
100941 32702
100942 32703
100943 32704
100944 32705
100945 32706
100946 32707
100947 32708
100948 32709
100949 32710
100950 32711
100952 32712
100953 32713
100954 32714
100955 32715
100956 32716
100957 32717
100959 32718
100960 32719
100961 32720
100962 32721
100963 32722
100964 32723
100965 32724
100966 32725
100967 32726
100968 32727
100969 32728
100970 32729
100971 32730
100972 32731
100973 32732
100974 32733
100975 32734
100976 32735
100977 32736
100978 32737
100979 32738
100980 32739
100981 32740
100982 32741
100983 32742
100984 32743
100985 32744
100986 32745
100987 32746
100988 32747
100989 32748
100990 32749
100991 32750
100992 32751
100993 32752
100994 32753
100995 32754
100996 32755
100997 32756
100998 32757
100999 32758
101000 32759
101001 32760
101002 32761
101003 32762
101004 32763
101005 32764
101006 32765
101007 32766
101008 32767
101009 32768
101010 32769
101011 32770
101012 32771
101013 32772
101014 32773
101015 32774
101016 32775
101017 32776
101018 32777
101019 32778
101020 32779
101021 32780
101022 32781
101023 32782
101024 32783
101025 32784
101026 32785
101027 32786
101028 32787
101029 32788
101030 32789
101031 32790
101032 32791
101033 32792
101034 32793
101035 32794
101036 32795
101037 32796
101038 32797
101039 32798
101040 32799
101041 32800
101042 32801
101043 32802
101044 32803
101045 32804
101046 32805
101047 32806
101048 32807
101049 32808
101050 32809
101051 32810
101052 32811
101053 32812
101054 32813
101055 32814
101056 32815
101057 32816
101058 32817
101059 32818
101060 32819
101061 32820
101062 32821
101063 32822
101064 32823
101065 32824
101066 32825
101067 32826
101068 32827
101069 32828
101070 32829
101071 32830
101072 32831
101073 32832
101074 32833
101075 32834
101076 32835
101077 32836
101078 32837
101079 32838
101080 32839
101081 32840
101082 32841
101083 32842
101084 32843
101085 32844
101086 32845
101087 32846
101088 32847
101089 32848
101090 32849
101091 32850
101092 32851
101093 32852
101094 32853
101095 32854
101096 32855
101097 32856
101098 32857
101099 32858
101100 32859
101101 32860
101102 32861
101103 32862
101104 32863
101105 32864
101106 32865
101107 32866
101108 32867
101109 32868
101110 32869
101111 32870
101112 32871
101113 32872
101114 32873
101115 32874
101116 32875
101117 32876
101118 32877
101119 32878
101120 32879
101121 32880
101122 32881
101123 32882
101124 32883
101125 32884
101126 32885
101127 32886
101129 32887
101130 32888
101131 32889
101132 32890
101133 32891
101134 32892
101135 32893
101136 32894
101137 32895
101138 32896
101139 32897
101140 32898
101141 32899
101142 32900
101143 32901
101144 32902
101145 32903
101146 32904
101147 32905
101148 32906
101149 32907
101150 32908
101151 32909
101152 32910
101153 32911
101154 32912
101155 32913
101156 32914
101157 32915
101158 32916
101159 32917
101160 32918
101161 32919
101162 32920
101163 32921
101164 32922
101165 32923
101166 32924
101167 32925
101168 32926
101169 32927
101170 32928
101171 32929
101172 32930
101173 32931
101174 32932
101175 32933
101176 32934
101177 32935
101178 32936
101179 32937
101180 32938
101181 32939
101182 32940
101183 32941
101184 32942
101185 32943
101186 32944
101187 32945
101188 32946
101189 32947
101190 32948
101191 32949
101192 32950
101193 32951
101194 32952
101195 32953
101196 32954
101197 32955
101198 32956
101199 32957
101200 32958
101201 32959
101202 32960
101203 32961
101204 32962
101205 32963
101206 32964
101207 32965
101208 32966
101209 32967
101210 32968
101211 32969
101212 32970
101213 32971
101214 32972
101215 32973
101216 32974
101217 32975
101218 32976
101219 32977
101220 32978
101221 32979
101222 32980
101223 32981
101224 32982
101225 32983
101226 32984
101227 32985
101228 32986
101229 32987
101230 32988
101231 32989
101232 32990
101233 32991
101234 32992
101235 32993
101236 32994
101237 32995
101238 32996
101239 32997
101240 32998
101241 32999
101242 33000
101243 33001
101244 33002
101245 33003
101246 33004
101247 33005
101248 33006
101249 33007
101250 33008
101251 33009
101252 33010
101253 33011
101254 33012
101255 33013
101256 33014
101257 33015
101258 33016
101259 33017
101260 33018
101261 33019
101262 33020
101263 33021
101264 33022
101265 33023
101266 33024
101267 33025
101268 33026
101269 33027
101270 33028
101271 33029
101272 33030
101273 33031
101274 33032
101275 33033
101276 33034
101277 33035
101278 33036
101279 33037
101280 33038
101281 33039
101282 33040
101283 33041
101284 33042
101285 33043
101286 33044
101287 33045
101288 33046
101289 33047
101290 33048
101291 33049
101292 33050
101293 33051
101294 33052
101295 33053
101296 33054
101297 33055
101298 33056
101299 33057
101300 33058
101301 33059
101302 33060
101303 33061
101304 33062
101305 33063
101306 33064
101307 33065
101308 33066
101309 33067
101310 33068
101311 33069
101312 33070
101313 33071
101314 33072
101315 33073
101316 33074
101317 33075
101318 33076
101319 33077
101320 33078
101321 33079
101322 33080
101323 33081
101324 33082
101325 33083
101326 33084
101327 33085
101328 33086
101329 33087
101330 33088
101331 33089
101332 33090
101333 33091
101334 33092
101335 33093
101337 33094
101338 33095
101339 33096
101340 33097
101341 33098
101342 33099
101343 33100
101344 33101
101345 33102
101346 33103
101347 33104
101348 33105
101349 33106
101350 33107
101351 33108
101352 33109
101353 33110
101354 33111
101355 33112
101356 33113
101357 33114
101358 33115
101359 33116
101360 33117
101361 33118
101362 33119
101363 33120
101364 33121
101365 33122
101366 33123
101367 33124
101368 33125
101369 33126
101370 33127
101371 33128
101372 33129
101373 33130
101374 33131
101375 33132
101376 33133
101377 33134
101378 33135
101379 33136
101380 33137
101381 33138
101382 33139
101383 33140
101384 33141
101385 33142
101386 33143
101387 33144
101388 33145
101389 33146
101390 33147
101391 33148
101392 33149
101393 33150
101394 33151
101395 33152
101396 33153
101397 33154
101398 33155
101399 33156
101400 33157
101401 33158
101402 33159
101403 33160
101404 33161
101405 33162
101406 33163
101407 33164
101408 33165
101409 33166
101410 33167
101411 33168
101412 33169
101413 33170
101414 33171
101415 33172
101416 33173
101417 33174
101418 33175
101419 33176
101420 33177
101421 33178
101422 33179
101423 33180
101424 33181
101425 33182
101426 33183
101427 33184
101428 33185
101429 33186
101430 33187
101431 33188
101432 33189
101433 33190
101434 33191
101435 33192
101436 33193
101437 33194
101438 33195
101439 33196
101440 33197
101441 33198
101442 33199
101443 33200
101444 33201
101445 33202
101446 33203
101447 33204
101448 33205
101449 33206
101450 33207
101451 33208
101452 33209
101453 33210
101454 33211
101455 33212
101456 33213
101457 33214
101458 33215
101459 33216
101460 33217
101461 33218
101462 33219
101463 33220
101464 33221
101465 33222
101466 33223
101467 33224
101468 33225
101469 33226
101470 33227
101471 33228
101472 33229
101473 33230
101474 33231
101475 33232
101476 33233
101477 33234
101478 33235
101479 33236
101480 33237
101481 33238
101482 33239
101483 33240
101484 33241
101485 33242
101486 33243
101487 33244
101488 33245
101489 33246
101490 33247
101491 33248
101492 33249
101493 33250
101494 33251
101495 33252
101496 33253
101497 33254
101498 33255
101499 33256
101500 33257
101501 33258
101502 33259
101503 33260
101504 33261
101505 33262
101506 33263
101507 33264
101508 33265
101509 33266
101510 33267
101511 33268
101512 33269
101513 33270
101514 33271
101516 33272
101517 33273
101518 33274
101519 33275
101520 33276
101521 33277
101522 33278
101523 33279
101524 33280
101525 33281
101526 33282
101527 33283
101528 33284
101529 33285
101530 33286
101531 33287
101532 33288
101533 33289
101534 33290
101535 33291
101536 33292
101537 33293
101538 33294
101539 33295
101540 33296
101541 33297
101542 33298
101544 33299
101545 33300
101546 33301
101547 33302
101548 33303
101549 33304
101550 33305
101551 33306
101552 33307
101553 33308
101554 33309
101555 33310
101556 33311
101557 33312
101558 33313
101559 33314
101560 33315
101561 33316
101562 33317
101563 33318
101564 33319
101565 33320
101566 33321
101567 33322
101568 33323
101569 33324
101570 33325
101571 33326
101572 33327
101573 33328
101574 33329
101575 33330
101576 33331
101577 33332
101578 33333
101579 33334
101580 33335
101581 33336
101582 33337
101583 33338
101584 33339
101585 33340
101586 33341
101587 33342
101588 33343
101589 33344
101590 33345
101591 33346
101592 33347
101593 33348
101594 33349
101595 33350
101596 33351
101597 33352
101598 33353
101599 33354
101600 33355
101601 33356
101602 33357
101603 33358
101604 33359
101605 33360
101606 33361
101607 33362
101608 33363
101609 33364
101610 33365
101611 33366
101612 33367
101613 33368
101614 33369
101615 33370
101616 33371
101617 33372
101618 33373
101619 33374
101620 33375
101621 33376
101622 33377
101623 33378
101624 33379
101625 33380
101626 33381
101627 33382
101628 33383
101629 33384
101630 33385
101631 33386
101632 33387
101633 33388
101634 33389
101635 33390
101636 33391
101637 33392
101638 33393
101639 33394
101640 33395
101641 33396
101642 33397
101643 33398
101644 33399
101645 33400
101646 33401
101647 33402
101648 33403
101649 33404
101650 33405
101651 33406
101652 33407
101653 33408
101654 33409
101655 33410
101656 33411
101657 33412
101658 33413
101659 33414
101660 33415
101661 33416
101662 33417
101663 33418
101664 33419
101665 33420
101666 33421
101667 33422
101668 33423
101669 33424
101670 33425
101671 33426
101672 33427
101673 33428
101674 33429
101675 33430
101676 33431
101677 33432
101678 33433
101679 33434
101680 33435
101681 33436
101682 33437
101683 33438
101684 33439
101685 33440
101686 33441
101687 33442
101688 33443
101689 33444
101690 33445
101691 33446
101692 33447
101693 33448
101694 33449
101695 33450
101696 33451
101697 33452
101698 33453
101699 33454
101700 33455
101701 33456
101702 33457
101703 33458
101704 33459
101705 33460
101706 33461
101707 33462
101708 33463
101709 33464
101710 33465
101711 33466
101712 33467
101713 33468
101714 33469
101715 33470
101716 33471
101717 33472
101718 33473
101719 33474
101720 33475
101721 33476
101722 33477
101723 33478
101724 33479
101725 33480
101726 33481
101727 33482
101728 33483
101729 33484
101730 33485
101731 33486
101732 33487
101733 33488
101734 33489
101735 33490
101736 33491
101737 33492
101738 33493
101739 33494
101740 33495
101741 33496
101742 33497
101743 33498
101744 33499
101745 33500
101746 33501
101747 33502
101748 33503
101749 33504
101750 33505
101751 33506
101752 33507
101753 33508
101754 33509
101755 33510
101756 33511
101757 33512
101758 33513
101759 33514
101760 33515
101761 33516
101762 33517
101763 33518
101764 33519
101765 33520
101766 33521
101767 33522
101768 33523
101769 33524
101770 33525
101771 33526
101772 33527
101773 33528
101774 33529
101775 33530
101776 33531
101777 33532
101778 33533
101779 33534
101780 33535
101781 33536
101782 33537
101783 33538
101784 33539
101785 33540
101786 33541
101787 33542
101788 33543
101789 33544
101790 33545
101791 33546
101792 33547
101793 33548
101794 33549
101795 33550
101796 33551
101797 33552
101798 33553
101799 33554
101800 33555
101801 33556
101802 33557
101803 33558
101804 33559
101805 33560
101806 33561
101807 33562
101808 33563
101809 33564
101810 33565
101811 33566
101812 33567
101813 33568
101814 33569
101815 33570
101816 33571
101817 33572
101818 33573
101819 33574
101820 33575
101821 33576
101822 33577
101823 33578
101824 33579
101825 33580
101826 33581
101827 33582
101828 33583
101829 33584
101830 33585
101831 33586
101832 33587
101833 33588
101834 33589
101835 33590
101836 33591
101837 33592
101838 33593
101839 33594
101840 33595
101841 33596
101842 33597
101843 33598
101844 33599
101845 33600
101846 33601
101847 33602
101848 33603
101849 33604
101850 33605
101851 33606
101852 33607
101853 33608
101854 33609
101855 33610
101856 33611
101857 33612
101858 33613
101859 33614
101860 33615
101861 33616
101862 33617
101863 33618
101864 33619
101865 33620
101866 33621
101867 33622
101868 33623
101869 33624
101870 33625
101871 33626
101872 33627
101873 33628
101874 33629
101875 33630
101876 33631
101877 33632
101878 33633
101879 33634
101880 33635
101881 33636
101882 33637
101883 33638
101884 33639
101885 33640
101886 33641
101887 33642
101888 33643
101889 33644
101890 33645
101891 33646
101892 33647
101893 33648
101894 33649
101895 33650
101896 33651
101897 33652
101898 33653
101899 33654
101900 33655
101901 33656
101902 33657
101903 33658
101904 33659
101905 33660
101906 33661
101907 33662
101908 33663
101909 33664
101910 33665
101911 33666
101912 33667
101913 33668
101914 33669
101915 33670
101916 33671
101917 33672
101918 33673
101919 33674
101920 33675
101921 33676
101922 33677
101923 33678
101924 33679
101925 33680
101926 33681
101927 33682
101928 33683
101929 33684
101930 33685
101931 33686
101932 33687
101933 33688
101934 33689
101935 33690
101936 33691
101937 33692
101938 33693
101939 33694
101940 33695
101941 33696
101942 33697
101943 33698
101944 33699
101945 33700
101946 33701
101947 33702
101948 33703
101949 33704
101950 33705
101951 33706
101952 33707
101953 33708
101954 33709
101955 33710
101956 33711
101957 33712
101958 33713
101959 33714
101960 33715
101962 33716
101963 33717
101964 33718
101965 33719
101966 33720
101967 33721
101968 33722
101969 33723
101970 33724
101971 33725
101972 33726
101973 33727
101974 33728
101975 33729
101976 33730
101977 33731
101978 33732
101979 33733
101980 33734
101981 33735
101982 33736
101983 33737
101984 33738
101985 33739
101986 33740
101987 33741
101988 33742
101989 33743
101990 33744
101991 33745
101992 33746
101993 33747
101994 33748
101995 33749
101996 33750
101997 33751
101998 33752
101999 33753
102000 33754
102001 33755
102002 33756
102003 33757
102004 33758
102005 33759
102006 33760
102007 33761
102008 33762
102009 33763
102010 33764
102011 33765
102012 33766
102013 33767
102014 33768
102015 33769
102016 33770
102017 33771
102018 33772
102019 33773
102020 33774
102021 33775
102022 33776
102023 33777
102024 33778
102025 33779
102026 33780
102027 33781
102028 33782
102029 33783
102030 33784
102031 33785
102032 33786
102033 33787
102034 33788
102035 33789
102037 33790
102038 33791
102039 33792
102040 33793
102041 33794
102042 33795
102043 33796
102044 33797
102045 33798
102046 33799
102047 33800
102048 33801
102049 33802
102050 33803
102051 33804
102052 33805
102053 33806
102054 33807
102055 33808
102056 33809
102057 33810
102058 33811
102059 33812
102060 33813
102061 33814
102062 33815
102063 33816
102064 33817
102065 33818
102067 33819
102068 33820
102069 33821
102070 33822
102071 33823
102072 33824
102073 33825
102074 33826
102075 33827
102076 33828
102077 33829
102078 33830
102079 33831
102080 33832
102081 33833
102082 33834
102083 33835
102084 33836
102085 33837
102086 33838
102087 33839
102088 33840
102089 33841
102090 33842
102091 33843
102092 33844
102093 33845
102094 33846
102095 33847
102096 33848
102097 33849
102098 33850
102099 33851
102100 33852
102101 33853
102102 33854
102103 33855
102104 33856
102105 33857
102106 33858
102107 33859
102108 33860
102109 33861
102110 33862
102111 33863
102112 33864
102113 33865
102114 33866
102115 33867
102116 33868
102117 33869
102118 33870
102119 33871
102120 33872
102121 33873
102122 33874
102123 33875
102124 33876
102125 33877
102126 33878
102127 33879
102128 33880
102129 33881
102130 33882
102131 33883
102132 33884
102133 33885
102134 33886
102135 33887
102136 33888
102137 33889
102138 33890
102139 33891
102140 33892
102141 33893
102142 33894
102143 33895
102144 33896
102145 33897
102146 33898
102147 33899
102148 33900
102149 33901
102150 33902
102151 33903
102152 33904
102153 33905
102154 33906
102155 33907
102156 33908
102157 33909
102158 33910
102159 33911
102160 33912
102161 33913
102162 33914
102164 33915
102165 33916
102166 33917
102167 33918
102168 33919
102169 33920
102170 33921
102171 33922
102172 33923
102173 33924
102174 33925
102175 33926
102176 33927
102177 33928
102178 33929
102179 33930
102180 33931
102181 33932
102182 33933
102183 33934
102184 33935
102185 33936
102186 33937
102187 33938
102189 33939
102190 33940
102191 33941
102192 33942
102193 33943
102194 33944
102195 33945
102196 33946
102197 33947
102198 33948
102199 33949
102200 33950
102201 33951
102202 33952
102203 33953
102204 33954
102205 33955
102206 33956
102207 33957
102208 33958
102209 33959
102210 33960
102211 33961
102212 33962
102213 33963
102214 33964
102215 33965
102216 33966
102217 33967
102218 33968
102219 33969
102220 33970
102221 33971
102222 33972
102223 33973
102224 33974
102225 33975
102226 33976
102227 33977
102228 33978
102229 33979
102230 33980
102231 33981
102232 33982
102233 33983
102234 33984
102235 33985
102236 33986
102237 33987
102238 33988
102239 33989
102240 33990
102241 33991
102242 33992
102243 33993
102244 33994
102245 33995
102246 33996
102247 33997
102248 33998
102249 33999
102250 34000
102251 34001
102252 34002
102253 34003
102254 34004
102255 34005
102256 34006
102257 34007
102258 34008
102259 34009
102260 34010
102261 34011
102262 34012
102263 34013
102264 34014
102265 34015
102266 34016
102267 34017
102268 34018
102269 34019
102270 34020
102271 34021
102272 34022
102273 34023
102274 34024
102275 34025
102276 34026
102277 34027
102278 34028
102279 34029
102280 34030
102281 34031
102282 34032
102283 34033
102284 34034
102285 34035
102286 34036
102287 34037
102288 34038
102289 34039
102290 34040
102291 34041
102292 34042
102293 34043
102294 34044
102295 34045
102296 34046
102297 34047
102298 34048
102299 34049
102300 34050
102301 34051
102302 34052
102303 34053
102304 34054
102305 34055
102306 34056
102307 34057
102308 34058
102309 34059
102310 34060
102311 34061
102312 34062
102313 34063
102314 34064
102315 34065
102316 34066
102317 34067
102318 34068
102319 34069
102320 34070
102321 34071
102322 34072
102323 34073
102324 34074
102325 34075
102326 34076
102327 34077
102328 34078
102329 34079
102330 34080
102331 34081
102332 34082
102333 34083
102334 34084
102335 34085
102336 34086
102337 34087
102338 34088
102339 34089
102340 34090
102341 34091
102342 34092
102343 34093
102344 34094
102345 34095
102346 34096
102347 34097
102348 34098
102349 34099
102350 34100
102351 34101
102352 34102
102353 34103
102354 34104
102355 34105
102356 34106
102357 34107
102358 34108
102359 34109
102360 34110
102361 34111
102362 34112
102363 34113
102364 34114
102365 34115
102366 34116
102367 34117
102368 34118
102369 34119
102370 34120
102371 34121
102372 34122
102373 34123
102374 34124
102375 34125
102376 34126
102377 34127
102378 34128
102379 34129
102380 34130
102381 34131
102382 34132
102383 34133
102384 34134
102385 34135
102386 34136
102387 34137
102388 34138
102389 34139
102390 34140
102391 34141
102392 34142
102393 34143
102394 34144
102395 34145
102396 34146
102397 34147
102398 34148
102399 34149
102400 34150
102401 34151
102402 34152
102403 34153
102404 34154
102405 34155
102406 34156
102407 34157
102408 34158
102409 34159
102410 34160
102411 34161
102412 34162
102413 34163
102414 34164
102415 34165
102416 34166
102417 34167
102418 34168
102419 34169
102420 34170
102421 34171
102422 34172
102423 34173
102424 34174
102425 34175
102426 34176
102427 34177
102428 34178
102429 34179
102430 34180
102431 34181
102432 34182
102433 34183
102434 34184
102435 34185
102436 34186
102437 34187
102438 34188
102439 34189
102440 34190
102441 34191
102442 34192
102443 34193
102444 34194
102445 34195
102446 34196
102447 34197
102448 34198
102449 34199
102450 34200
102451 34201
102452 34202
102453 34203
102454 34204
102455 34205
102456 34206
102457 34207
102458 34208
102459 34209
102460 34210
102461 34211
102462 34212
102463 34213
102464 34214
102465 34215
102466 34216
102467 34217
102468 34218
102469 34219
102470 34220
102471 34221
102472 34222
102473 34223
102474 34224
102475 34225
102476 34226
102477 34227
102478 34228
102479 34229
102480 34230
102481 34231
102482 34232
102483 34233
102484 34234
102485 34235
102486 34236
102487 34237
102488 34238
102489 34239
102490 34240
102491 34241
102492 34242
102493 34243
102494 34244
102495 34245
102496 34246
102497 34247
102498 34248
102499 34249
102500 34250
102501 34251
102502 34252
102503 34253
102504 34254
102505 34255
102506 34256
102507 34257
102508 34258
102509 34259
102510 34260
102511 34261
102512 34262
102513 34263
102514 34264
102515 34265
102516 34266
102517 34267
102518 34268
102519 34269
102520 34270
102521 34271
102522 34272
102523 34273
102524 34274
102525 34275
102526 34276
102527 34277
102528 34278
102529 34279
102530 34280
102531 34281
102532 34282
102533 34283
102534 34284
102535 34285
102536 34286
102537 34287
102538 34288
102539 34289
102540 34290
102541 34291
102542 34292
102543 34293
102544 34294
102545 34295
102546 34296
102547 34297
102548 34298
102549 34299
102550 34300
102551 34301
102552 34302
102553 34303
102554 34304
102555 34305
102556 34306
102557 34307
102558 34308
102559 34309
102560 34310
102561 34311
102562 34312
102563 34313
102564 34314
102565 34315
102566 34316
102567 34317
102568 34318
102569 34319
102570 34320
102571 34321
102572 34322
102573 34323
102574 34324
102575 34325
102576 34326
102577 34327
102578 34328
102579 34329
102580 34330
102581 34331
102582 34332
102583 34333
102584 34334
102585 34335
102586 34336
102587 34337
102588 34338
102589 34339
102590 34340
102591 34341
102592 34342
102593 34343
102594 34344
102595 34345
102596 34346
102597 34347
102598 34348
102599 34349
102600 34350
102601 34351
102602 34352
102603 34353
102604 34354
102605 34355
102606 34356
102607 34357
102608 34358
102609 34359
102610 34360
102611 34361
102612 34362
102613 34363
102614 34364
102615 34365
102616 34366
102617 34367
102618 34368
102619 34369
102620 34370
102621 34371
102622 34372
102623 34373
102624 34374
102625 34375
102626 34376
102627 34377
102628 34378
102629 34379
102630 34380
102631 34381
102632 34382
102633 34383
102634 34384
102635 34385
102636 34386
102637 34387
102638 34388
102639 34389
102640 34390
102641 34391
102642 34392
102643 34393
102644 34394
102645 34395
102646 34396
102647 34397
102648 34398
102649 34399
102650 34400
102651 34401
102652 34402
102653 34403
102654 34404
102655 34405
102656 34406
102657 34407
102658 34408
102659 34409
102660 34410
102661 34411
102662 34412
102663 34413
102664 34414
102665 34415
102666 34416
102667 34417
102668 34418
102669 34419
102670 34420
102671 34421
102672 34422
102673 34423
102674 34424
102675 34425
102676 34426
102677 34427
102678 34428
102679 34429
102680 34430
102681 34431
102682 34432
102683 34433
102684 34434
102685 34435
102686 34436
102687 34437
102688 34438
102689 34439
102690 34440
102691 34441
102692 34442
102693 34443
102694 34444
102695 34445
102696 34446
102697 34447
102698 34448
102699 34449
102700 34450
102701 34451
102702 34452
102703 34453
102704 34454
102705 34455
102706 34456
102707 34457
102708 34458
102709 34459
102710 34460
102711 34461
102712 34462
102713 34463
102714 34464
102715 34465
102716 34466
102717 34467
102718 34468
102719 34469
102720 34470
102721 34471
102722 34472
102723 34473
102724 34474
102725 34475
102726 34476
102727 34477
102728 34478
102729 34479
102730 34480
102731 34481
102732 34482
102733 34483
102734 34484
102735 34485
102736 34486
102737 34487
102738 34488
102739 34489
102740 34490
102741 34491
102742 34492
102743 34493
102744 34494
102745 34495
102746 34496
102747 34497
102748 34498
102749 34499
102750 34500
102751 34501
102752 34502
102753 34503
102754 34504
102755 34505
102756 34506
102757 34507
102758 34508
102759 34509
102760 34510
102761 34511
102762 34512
102763 34513
102764 34514
102765 34515
102766 34516
102767 34517
102768 34518
102769 34519
102770 34520
102771 34521
102772 34522
102773 34523
102774 34524
102775 34525
102776 34526
102777 34527
102778 34528
102779 34529
102780 34530
102781 34531
102782 34532
102783 34533
102784 34534
102785 34535
102786 34536
102787 34537
102788 34538
102789 34539
102790 34540
102791 34541
102792 34542
102793 34543
102794 34544
102795 34545
102796 34546
102797 34547
102798 34548
102799 34549
102800 34550
102801 34551
102802 34552
102803 34553
102804 34554
102805 34555
102807 34556
102808 34557
102809 34558
102810 34559
102811 34560
102812 34561
102813 34562
102814 34563
102815 34564
102816 34565
102817 34566
102818 34567
102819 34568
102820 34569
102821 34570
102822 34571
102823 34572
102824 34573
102825 34574
102826 34575
102827 34576
102828 34577
102829 34578
102830 34579
102831 34580
102832 34581
102833 34582
102834 34583
102835 34584
102836 34585
102837 34586
102838 34587
102839 34588
102840 34589
102841 34590
102842 34591
102843 34592
102844 34593
102845 34594
102846 34595
102847 34596
102848 34597
102849 34598
102850 34599
102851 34600
102852 34601
102853 34602
102854 34603
102855 34604
102856 34605
102857 34606
102858 34607
102859 34608
102860 34609
102861 34610
102862 34611
102863 34612
102864 34613
102865 34614
102866 34615
102867 34616
102868 34617
102869 34618
102870 34619
102871 34620
102872 34621
102873 34622
102874 34623
102875 34624
102876 34625
102877 34626
102878 34627
102879 34628
102880 34629
102882 34630
102883 34631
102884 34632
102885 34633
102886 34634
102887 34635
102888 34636
102889 34637
102890 34638
102891 34639
102892 34640
102893 34641
102894 34642
102895 34643
102896 34644
102897 34645
102898 34646
102899 34647
102900 34648
102901 34649
102902 34650
102903 34651
102904 34652
102905 34653
102906 34654
102907 34655
102908 34656
102909 34657
102910 34658
102911 34659
102912 34660
102913 34661
102914 34662
102915 34663
102916 34664
102917 34665
102918 34666
102919 34667
102920 34668
102921 34669
102922 34670
102923 34671
102924 34672
102925 34673
102926 34674
102927 34675
102928 34676
102929 34677
102930 34678
102931 34679
102932 34680
102933 34681
102934 34682
102935 34683
102936 34684
102937 34685
102938 34686
102939 34687
102940 34688
102941 34689
102942 34690
102943 34691
102944 34692
102945 34693
102946 34694
102947 34695
102948 34696
102949 34697
102950 34698
102951 34699
102952 34700
102953 34701
102954 34702
102955 34703
102956 34704
102957 34705
102958 34706
102959 34707
102960 34708
102961 34709
102962 34710
102963 34711
102964 34712
102965 34713
102966 34714
102967 34715
102968 34716
102969 34717
102970 34718
102971 34719
102972 34720
102973 34721
102974 34722
102975 34723
102976 34724
102977 34725
102978 34726
102979 34727
102980 34728
102981 34729
102982 34730
102983 34731
102984 34732
102985 34733
102986 34734
102987 34735
102988 34736
102989 34737
102990 34738
102991 34739
102992 34740
102993 34741
102994 34742
102995 34743
102996 34744
102997 34745
102998 34746
102999 34747
103000 34748
103001 34749
103002 34750
103003 34751
103004 34752
103005 34753
103006 34754
103007 34755
103008 34756
103009 34757
103010 34758
103011 34759
103012 34760
103013 34761
103014 34762
103015 34763
103016 34764
103017 34765
103018 34766
103019 34767
103020 34768
103021 34769
103022 34770
103023 34771
103024 34772
103025 34773
103026 34774
103027 34775
103028 34776
103029 34777
103030 34778
103031 34779
103032 34780
103033 34781
103034 34782
103036 34783
103037 34784
103038 34785
103039 34786
103040 34787
103041 34788
103042 34789
103043 34790
103044 34791
103045 34792
103046 34793
103047 34794
103048 34795
103049 34796
103050 34797
103051 34798
103052 34799
103053 34800
103054 34801
103055 34802
103056 34803
103057 34804
103058 34805
103059 34806
103060 34807
103061 34808
103063 34809
103064 34810
103065 34811
103066 34812
103067 34813
103068 34814
103069 34815
103070 34816
103071 34817
103072 34818
103073 34819
103074 34820
103075 34821
103076 34822
103077 34823
103078 34824
103079 34825
103080 34826
103081 34827
103082 34828
103083 34829
103084 34830
103085 34831
103086 34832
103087 34833
103088 34834
103089 34835
103090 34836
103091 34837
103092 34838
103093 34839
103094 34840
103095 34841
103096 34842
103097 34843
103098 34844
103099 34845
103100 34846
103101 34847
103102 34848
103103 34849
103104 34850
103105 34851
103106 34852
103107 34853
103108 34854
103109 34855
103110 34856
103111 34857
103112 34858
103113 34859
103114 34860
103115 34861
103116 34862
103117 34863
103118 34864
103119 34865
103120 34866
103121 34867
103122 34868
103123 34869
103124 34870
103125 34871
103126 34872
103127 34873
103128 34874
103129 34875
103130 34876
103131 34877
103132 34878
103133 34879
103134 34880
103135 34881
103136 34882
103137 34883
103138 34884
103139 34885
103140 34886
103141 34887
103142 34888
103143 34889
103144 34890
103145 34891
103146 34892
103147 34893
103148 34894
103149 34895
103150 34896
103151 34897
103152 34898
103153 34899
103154 34900
103155 34901
103156 34902
103157 34903
103158 34904
103159 34905
103160 34906
103161 34907
103162 34908
103164 34909
103165 34910
103166 34911
103167 34912
103168 34913
103169 34914
103170 34915
103171 34916
103172 34917
103173 34918
103174 34919
103175 34920
103176 34921
103177 34922
103178 34923
103179 34924
103180 34925
103181 34926
103182 34927
103183 34928
103184 34929
103185 34930
103186 34931
103187 34932
103188 34933
103189 34934
103190 34935
103191 34936
103192 34937
103193 34938
103194 34939
103195 34940
103197 34941
103198 34942
103199 34943
103200 34944
103201 34945
103202 34946
103203 34947
103204 34948
103205 34949
103206 34950
103207 34951
103208 34952
103209 34953
103210 34954
103211 34955
103212 34956
103213 34957
103214 34958
103215 34959
103216 34960
103217 34961
103218 34962
103219 34963
103220 34964
103221 34965
103222 34966
103223 34967
103224 34968
103225 34969
103226 34970
103227 34971
103228 34972
103229 34973
103230 34974
103231 34975
103232 34976
103233 34977
103234 34978
103235 34979
103236 34980
103237 34981
103238 34982
103239 34983
103240 34984
103241 34985
103242 34986
103243 34987
103244 34988
103245 34989
103246 34990
103247 34991
103248 34992
103249 34993
103250 34994
103251 34995
103252 34996
103253 34997
103254 34998
103255 34999
103256 35000
103257 35001
103258 35002
103259 35003
103260 35004
103261 35005
103262 35006
103263 35007
103264 35008
103265 35009
103266 35010
103267 35011
103268 35012
103269 35013
103270 35014
103271 35015
103272 35016
103273 35017
103274 35018
103275 35019
103276 35020
103277 35021
103278 35022
103279 35023
103280 35024
103281 35025
103282 35026
103283 35027
103284 35028
103285 35029
103286 35030
103287 35031
103288 35032
103289 35033
103290 35034
103291 35035
103292 35036
103293 35037
103294 35038
103295 35039
103296 35040
103297 35041
103298 35042
103299 35043
103300 35044
103301 35045
103302 35046
103303 35047
103304 35048
103305 35049
103306 35050
103307 35051
103308 35052
103309 35053
103310 35054
103311 35055
103312 35056
103313 35057
103314 35058
103315 35059
103316 35060
103317 35061
103320 35062
103321 35063
103322 35064
103323 35065
103324 35066
103325 35067
103326 35068
103327 35069
103328 35070
103329 35071
103330 35072
103331 35073
103332 35074
103333 35075
103334 35076
103335 35077
103336 35078
103337 35079
103338 35080
103339 35081
103340 35082
103341 35083
103343 35084
103344 35085
103345 35086
103346 35087
103347 35088
103348 35089
103349 35090
103350 35091
103351 35092
103352 35093
103353 35094
103354 35095
103355 35096
103356 35097
103357 35098
103358 35099
103359 35100
103360 35101
103361 35102
103362 35103
103363 35104
103364 35105
103365 35106
103366 35107
103367 35108
103368 35109
103369 35110
103370 35111
103371 35112
103372 35113
103373 35114
103374 35115
103375 35116
103376 35117
103377 35118
103378 35119
103379 35120
103380 35121
103381 35122
103382 35123
103383 35124
103384 35125
103385 35126
103386 35127
103387 35128
103388 35129
103389 35130
103390 35131
103391 35132
103392 35133
103393 35134
103394 35135
103395 35136
103396 35137
103397 35138
103398 35139
103399 35140
103400 35141
103401 35142
103402 35143
103403 35144
103404 35145
103405 35146
103406 35147
103407 35148
103408 35149
103409 35150
103410 35151
103411 35152
103412 35153
103413 35154
103414 35155
103415 35156
103416 35157
103417 35158
103418 35159
103419 35160
103420 35161
103421 35162
103422 35163
103423 35164
103424 35165
103425 35166
103426 35167
103427 35168
103428 35169
103429 35170
103430 35171
103431 35172
103432 35173
103433 35174
103434 35175
103435 35176
103436 35177
103437 35178
103438 35179
103439 35180
103440 35181
103441 35182
103442 35183
103443 35184
103444 35185
103445 35186
103446 35187
103447 35188
103448 35189
103449 35190
103450 35191
103451 35192
103452 35193
103453 35194
103454 35195
103455 35196
103456 35197
103457 35198
103458 35199
103459 35200
103460 35201
103461 35202
103462 35203
103463 35204
103464 35205
103465 35206
103466 35207
103467 35208
103468 35209
103469 35210
103470 35211
103471 35212
103472 35213
103473 35214
103474 35215
103475 35216
103476 35217
103477 35218
103478 35219
103479 35220
103480 35221
103481 35222
103482 35223
103483 35224
103484 35225
103485 35226
103486 35227
103487 35228
103488 35229
103489 35230
103490 35231
103491 35232
103492 35233
103493 35234
103495 35235
103496 35236
103497 35237
103498 35238
103499 35239
103500 35240
103501 35241
103502 35242
103503 35243
103504 35244
103505 35245
103506 35246
103507 35247
103508 35248
103509 35249
103511 35250
103512 35251
103513 35252
103514 35253
103516 35254
103517 35255
103518 35256
103519 35257
103520 35258
103521 35259
103522 35260
103523 35261
103524 35262
103525 35263
103526 35264
103527 35265
103528 35266
103529 35267
103530 35268
103531 35269
103532 35270
103533 35271
103534 35272
103535 35273
103536 35274
103537 35275
103538 35276
103539 35277
103540 35278
103541 35279
103542 35280
103543 35281
103544 35282
103545 35283
103546 35284
103547 35285
103548 35286
103549 35287
103550 35288
103551 35289
103552 35290
103553 35291
103554 35292
103555 35293
103556 35294
103557 35295
103558 35296
103559 35297
103560 35298
103561 35299
103562 35300
103563 35301
103564 35302
103565 35303
103566 35304
103567 35305
103568 35306
103569 35307
103570 35308
103571 35309
103572 35310
103573 35311
103574 35312
103575 35313
103576 35314
103577 35315
103578 35316
103579 35317
103580 35318
103581 35319
103582 35320
103583 35321
103584 35322
103585 35323
103586 35324
103587 35325
103588 35326
103589 35327
103590 35328
103591 35329
103592 35330
103593 35331
103594 35332
103595 35333
103596 35334
103597 35335
103598 35336
103599 35337
103600 35338
103601 35339
103602 35340
103603 35341
103604 35342
103605 35343
103606 35344
103607 35345
103608 35346
103609 35347
103610 35348
103611 35349
103612 35350
103613 35351
103614 35352
103615 35353
103616 35354
103617 35355
103618 35356
103619 35357
103620 35358
103621 35359
103622 35360
103623 35361
103624 35362
103625 35363
103626 35364
103627 35365
103628 35366
103629 35367
103630 35368
103631 35369
103632 35370
103633 35371
103634 35372
103635 35373
103636 35374
103637 35375
103638 35376
103639 35377
103640 35378
103641 35379
103642 35380
103643 35381
103644 35382
103645 35383
103646 35384
103647 35385
103648 35386
103649 35387
103650 35388
103651 35389
103652 35390
103653 35391
103654 35392
103655 35393
103656 35394
103657 35395
103658 35396
103659 35397
103660 35398
103661 35399
103662 35400
103663 35401
103664 35402
103665 35403
103666 35404
103667 35405
103668 35406
103669 35407
103670 35408
103671 35409
103672 35410
103673 35411
103674 35412
103675 35413
103676 35414
103677 35415
103678 35416
103679 35417
103680 35418
103681 35419
103682 35420
103683 35421
103684 35422
103685 35423
103686 35424
103687 35425
103688 35426
103689 35427
103690 35428
103691 35429
103692 35430
103693 35431
103694 35432
103695 35433
103696 35434
103697 35435
103698 35436
103699 35437
103700 35438
103701 35439
103702 35440
103703 35441
103704 35442
103705 35443
103706 35444
103707 35445
103708 35446
103709 35447
103710 35448
103711 35449
103712 35450
103713 35451
103714 35452
103715 35453
103716 35454
103717 35455
103718 35456
103719 35457
103720 35458
103721 35459
103722 35460
103723 35461
103724 35462
103725 35463
103726 35464
103727 35465
103728 35466
103729 35467
103730 35468
103731 35469
103732 35470
103733 35471
103734 35472
103735 35473
103736 35474
103737 35475
103738 35476
103739 35477
103740 35478
103741 35479
103742 35480
103743 35481
103744 35482
103745 35483
103746 35484
103747 35485
103748 35486
103749 35487
103750 35488
103751 35489
103752 35490
103753 35491
103754 35492
103755 35493
103756 35494
103757 35495
103758 35496
103759 35497
103760 35498
103761 35499
103762 35500
103763 35501
103764 35502
103765 35503
103766 35504
103767 35505
103768 35506
103769 35507
103770 35508
103771 35509
103772 35510
103773 35511
103774 35512
103775 35513
103776 35514
103777 35515
103778 35516
103779 35517
103780 35518
103781 35519
103782 35520
103783 35521
103784 35522
103785 35523
103786 35524
103787 35525
103788 35526
103789 35527
103790 35528
103791 35529
103792 35530
103793 35531
103794 35532
103795 35533
103796 35534
103797 35535
103798 35536
103799 35537
103800 35538
103801 35539
103802 35540
103803 35541
103804 35542
103805 35543
103806 35544
103807 35545
103808 35546
103809 35547
103810 35548
103811 35549
103812 35550
103813 35551
103814 35552
103815 35553
103816 35554
103817 35555
103818 35556
103819 35557
103820 35558
103821 35559
103822 35560
103823 35561
103824 35562
103825 35563
103826 35564
103827 35565
103828 35566
103829 35567
103830 35568
103831 35569
103832 35570
103833 35571
103834 35572
103835 35573
103836 35574
103837 35575
103838 35576
103839 35577
103840 35578
103841 35579
103842 35580
103843 35581
103844 35582
103845 35583
103846 35584
103847 35585
103848 35586
103849 35587
103850 35588
103851 35589
103852 35590
103853 35591
103854 35592
103855 35593
