CBM
DREBES & CIA.LTDA.                                                                                                               REL_ECF    PAG.:    1
SISTEMA DE CONTABILIDADE  FILIAL - 31                                                                                            15 JUL 2003    13:54
                                          MOVIMENTACOES DO CUPOM FISCAL - PERIODO DE 16/06/2003 A 30/06/2003
------------------------------------------------------------------------------------------------------------------------------------------------------
                                                 CAIXA    1
      DATA     RED.        VDA.12%    VDA.17%    SUBST    TOTAL VDA     BC.12%     BC.17%     ISENTOS     ICMS.17%
------------------------------------------------------------------------------------------------------------------------------------------------------
16/06/2003      670           0.00   6,038.40     0.00     6,038.40       0.00   6,038.40        0.00     1,026.53
17/06/2003      671           0.00   5,434.86     0.00     5,434.86       0.00   5,434.86        0.00       923.93
18/06/2003      672           0.00   8,985.34     0.00     8,985.34       0.00   8,985.34        0.00     1,527.51
20/06/2003      673           0.00   6,898.91     0.00     6,898.91       0.00   6,898.91        0.00     1,172.81
23/06/2003      675           0.00   2,269.52     0.00     2,269.52       0.00   2,269.52        0.00       385.82
24/06/2003      676           0.00   4,267.52     0.00     4,267.52       0.00   4,267.52        0.00       725.48
25/06/2003      677           0.00   3,303.01     0.00     3,303.01       0.00   3,303.01        0.00       561.51
26/06/2003      678           0.00   1,888.20     0.00     1,888.20       0.00   1,888.20        0.00       320.99
27/06/2003      679           0.00   4,457.60     0.00     4,457.60       0.00   4,457.60        0.00       757.79
28/06/2003      680           0.00   5,684.65     0.00     5,684.65       0.00   5,684.65        0.00       966.39
30/06/2003      681           0.00   6,435.44     0.00     6,435.44       0.00   6,435.44        0.00     1,094.02
------------------------------------------------------------------------------------------------------------------------------------------------------
Totais...                     0.00  55,663.45     0.00    55,663.45       0.00  55,663.45        0.00     9,462.78
------------------------------------------------------------------------------------------------------------------------------------------------------



                                                 CAIXA    3
      DATA     RED.        VDA.12%    VDA.17%    SUBST    TOTAL VDA     BC.12%     BC.17%     ISENTOS     ICMS.17%
------------------------------------------------------------------------------------------------------------------------------------------------------
16/06/2003      647           0.00   3,690.02     0.00     3,690.02       0.00   3,690.02        0.00       627.30
20/06/2003      648           0.00   3,636.80     0.00     3,636.80       0.00   3,636.80        0.00       618.26
21/06/2003      649           0.00   3,704.31     0.00     3,704.31       0.00   3,704.31        0.00       629.73
23/06/2003      650           0.00   3,263.41     0.00     3,263.41       0.00   3,263.41        0.00       554.78
24/06/2003      651           0.00   2,730.31     0.00     2,730.31       0.00   2,730.31        0.00       464.15
25/06/2003      652           0.00   5,895.21     0.00     5,895.21       0.00   5,895.21        0.00     1,002.19
26/06/2003      653           0.00   4,082.52     0.00     4,082.52       0.00   4,082.52        0.00       694.03
27/06/2003      654           0.00   7,572.01     0.00     7,572.01       0.00   7,572.01        0.00     1,287.24
28/06/2003      655           0.00   6,947.28     0.00     6,947.28       0.00   6,947.28        0.00     1,181.04
30/06/2003      656           0.00   8,078.51     0.00     8,078.51       0.00   8,078.51        0.00     1,373.35
------------------------------------------------------------------------------------------------------------------------------------------------------
Totais...                     0.00  49,600.38     0.00    49,600.38       0.00  49,600.38        0.00     8,432.07
------------------------------------------------------------------------------------------------------------------------------------------------------


------------------------------------------------------------------------------------------------------------------------------------------------------
 Geral...                     0.00 105,263.83     0.00   105,263.83       0.00 105,263.83        0.00    17,894.85
------------------------------------------------------------------------------------------------------------------------------------------------------
P2