CBM
DREBES & CIA.LTDA.                                                                                                               REL_ECF    PAG.:    1
SISTEMA DE CONTABILIDADE  FILIAL - 31                                                                                            15 JUL 2003    10:16
                                          MOVIMENTACOES DO CUPOM FISCAL - PERIODO DE 01/06/2003 A 30/06/2003
------------------------------------------------------------------------------------------------------------------------------------------------------
                                                 CAIXA    1
      DATA     RED.        VDA.12%    VDA.17%    SUBST    TOTAL VDA     BC.12%     BC.17%     ISENTOS     ICMS.17%
------------------------------------------------------------------------------------------------------------------------------------------------------
02/06/2003      658           0.00   8,712.41     0.00     8,712.41       0.00   8,712.41        0.00     1,481.11
03/06/2003      659           0.00   4,072.41     0.00     4,072.41       0.00   4,072.41        0.00       692.31
04/06/2003      660           0.00   6,970.02     0.00     6,970.02       0.00   6,970.02        0.00     1,184.90
05/06/2003      661           0.00   5,712.09     0.00     5,712.09       0.00   5,712.09        0.00       971.06
06/06/2003      662           0.00   5,355.43     0.00     5,355.43       0.00   5,355.43        0.00       910.42
07/06/2003      663           0.00   7,595.81     0.00     7,595.81       0.00   7,595.81        0.00     1,291.29
09/06/2003      664           0.00   6,968.18     0.00     6,968.18       0.00   6,968.18        0.00     1,184.59
10/06/2003      665           0.00   2,869.92     0.00     2,869.92       0.00   2,869.92        0.00       487.89
11/06/2003      666           0.00   4,106.04     0.00     4,106.04       0.00   4,106.04        0.00       698.03
12/06/2003      667           0.00   8,038.32     0.00     8,038.32       0.00   8,038.32        0.00     1,366.51
13/06/2003      668           0.00   5,281.30     0.00     5,281.30       0.00   5,281.30        0.00       897.82
14/06/2003      669           0.00   2,827.41     0.00     2,827.41       0.00   2,827.41        0.00       480.66
16/06/2003      670           0.00   6,038.40     0.00     6,038.40       0.00   6,038.40        0.00     1,026.53
17/06/2003      671           0.00   5,434.86     0.00     5,434.86       0.00   5,434.86        0.00       923.93
18/06/2003      672           0.00   8,985.34     0.00     8,985.34       0.00   8,985.34        0.00     1,527.51
20/06/2003      673           0.00   6,898.91     0.00     6,898.91       0.00   6,898.91        0.00     1,172.81
23/06/2003      675           0.00   2,269.52     0.00     2,269.52       0.00   2,269.52        0.00       385.82
24/06/2003      676           0.00   4,267.52     0.00     4,267.52       0.00   4,267.52        0.00       725.48
25/06/2003      677           0.00   3,303.01     0.00     3,303.01       0.00   3,303.01        0.00       561.51
26/06/2003      678           0.00   1,888.20     0.00     1,888.20       0.00   1,888.20        0.00       320.99
27/06/2003      679           0.00   4,457.60     0.00     4,457.60       0.00   4,457.60        0.00       757.79
28/06/2003      680           0.00   5,684.65     0.00     5,684.65       0.00   5,684.65        0.00       966.39
30/06/2003      681           0.00   6,435.44     0.00     6,435.44       0.00   6,435.44        0.00     1,094.02
------------------------------------------------------------------------------------------------------------------------------------------------------
Totais...                     0.00 124,172.79     0.00   124,172.79       0.00 124,172.79        0.00    21,109.37
------------------------------------------------------------------------------------------------------------------------------------------------------



                                                 CAIXA    3
      DATA     RED.        VDA.12%    VDA.17%    SUBST    TOTAL VDA     BC.12%     BC.17%     ISENTOS     ICMS.17%
------------------------------------------------------------------------------------------------------------------------------------------------------
02/06/2003      635           0.00   3,925.51     0.00     3,925.51       0.00   3,925.51        0.00       667.34
03/06/2003      636           0.00   3,893.49     0.00     3,893.49       0.00   3,893.49        0.00       661.89
04/06/2003      637           0.00   7,001.93     0.00     7,001.93       0.00   7,001.93        0.00     1,190.33
05/06/2003      638           0.00   5,729.01     0.00     5,729.01       0.00   5,729.01        0.00       973.93
06/06/2003      639           0.00   6,802.64     0.00     6,802.64       0.00   6,802.64        0.00     1,156.45
07/06/2003      640           0.00   9,852.43     0.00     9,852.43       0.00   9,852.43        0.00     1,674.91
09/06/2003      641           0.00   8,423.73     0.00     8,423.73       0.00   8,423.73        0.00     1,432.03
10/06/2003      642           0.00   5,254.26     0.00     5,254.26       0.00   5,254.26        0.00       893.22
11/06/2003      643           0.00   6,891.63     0.00     6,891.63       0.00   6,891.63        0.00     1,171.58
12/06/2003      644           0.00   7,157.20     0.00     7,157.20       0.00   7,157.20        0.00     1,216.72
13/06/2003      645           0.00   8,636.80     0.00     8,636.80       0.00   8,636.80        0.00     1,468.26
14/06/2003      646           0.00   6,601.32     0.00     6,601.32       0.00   6,601.32        0.00     1,122.22
16/06/2003      647           0.00   3,690.02     0.00     3,690.02       0.00   3,690.02        0.00       627.30
20/06/2003      648           0.00   3,636.80     0.00     3,636.80       0.00   3,636.80        0.00       618.26
21/06/2003      649           0.00   3,704.31     0.00     3,704.31       0.00   3,704.31        0.00       629.73
23/06/2003      650           0.00   3,263.41     0.00     3,263.41       0.00   3,263.41        0.00       554.78
24/06/2003      651           0.00   2,730.31     0.00     2,730.31       0.00   2,730.31        0.00       464.15
25/06/2003      652           0.00   5,895.21     0.00     5,895.21       0.00   5,895.21        0.00     1,002.19
26/06/2003      653           0.00   4,082.52     0.00     4,082.52       0.00   4,082.52        0.00       694.03
27/06/2003      654           0.00   7,572.01     0.00     7,572.01       0.00   7,572.01        0.00     1,287.24
28/06/2003      655           0.00   6,947.28     0.00     6,947.28       0.00   6,947.28        0.00     1,181.04
30/06/2003      656           0.00   8,078.51     0.00     8,078.51       0.00   8,078.51        0.00     1,373.35
------------------------------------------------------------------------------------------------------------------------------------------------------
Totais...                     0.00 129,770.33     0.00   129,770.33       0.00 129,770.33        0.00    22,060.95
DREBES & CIA.LTDA.                                                                                                               REL_ECF    PAG.:    2
SISTEMA DE CONTABILIDADE  FILIAL - 31                                                                                            15 JUL 2003    10:16
                                          MOVIMENTACOES DO CUPOM FISCAL - PERIODO DE 01/06/2003 A 30/06/2003
------------------------------------------------------------------------------------------------------------------------------------------------------
------------------------------------------------------------------------------------------------------------------------------------------------------


------------------------------------------------------------------------------------------------------------------------------------------------------
 Geral...                     0.00 253,943.12     0.00   253,943.12       0.00 253,943.12        0.00    43,170.32
------------------------------------------------------------------------------------------------------------------------------------------------------
P2