CBP
DREBES & CIA.LTDA.                                                                                                confimp    PAG.:    1
SISTEMA GERENCIAL                                                                                                 13 JAN 2003    17:46
                                               CONFERENCIA DE TRANSMISSAO DE 11/01/2003
---------------------------------------------------------------------------------------------------------------------------------------

 Fl   Tot.Vendas   Tot.Linhas     Tot.Comissao  Tot.Vista    Tot.Prazo Tot.Contrato  Tot.Titulos        Tot.Pagos Tot.Deposito
--- ------------ ------------     ------------ ---------- ------------ ------------ ------------     ------------ ------------
 01     4,962.51     4,962.51         4,506.11     913.51     3,692.20     3,692.20     3,692.20         6,045.35         0.00
 02     4,748.08     4,748.08         5,538.08     719.08     4,903.00     4,903.00     4,903.00         4,678.81         0.00
 03     9,258.82     9,258.82         9,815.06   1,009.02     8,863.84     8,863.84     8,863.84         7,286.20     5,021.10
 04     6,265.60     6,265.60         6,454.10   1,097.40     5,534.20     5,534.20     5,534.20         5,898.79         0.00
 05     3,276.90     3,276.90         3,050.00     462.30     2,672.20     2,672.20     2,672.20         3,360.62         0.00
 06       333.50       333.50           386.50      34.80       351.70       351.70       351.70         2,288.08         0.00
 07    16,010.71    16,010.71        16,964.61   2,585.01    14,536.40    14,536.40    14,455.50  *     19,639.77    10,850.00
 08    19,084.29     7,416.17  *     19,534.92   3,242.71    17,251.21    17,251.21    17,251.21        16,217.05     5,570.00
 09     7,440.81     7,440.81         7,853.04   1,348.01     6,554.03     6,554.03     6,554.03         8,818.49         0.00
 10     4,086.13     4,086.13         4,826.13     260.13     4,566.00     4,566.00     4,566.00         4,512.68     3,309.00
 11         0.00         0.00             0.00       0.00         0.00         0.00         0.00             0.00         0.00
 12    10,721.43    10,721.43        11,910.46   1,320.52    10,730.94    10,730.94    10,730.94        11,771.16     9,800.00
 13     6,017.80     6,017.80         6,276.72   1,372.32     5,028.70     5,028.70     5,028.70         7,949.11     7,284.22
 14         0.00         0.00             0.00       0.00         0.00         0.00         0.00         6,899.20         0.00
 15     3,670.03     3,670.03         4,338.02     245.00     4,093.02     4,093.02     4,093.02         2,754.64         0.00
 16     5,545.10     5,545.10         6,011.90     452.30     5,646.50     5,646.50     5,646.50         5,846.88     2,500.00
 17     6,190.06     6,190.06         7,301.86     759.00     6,542.86     6,542.86     6,542.86         4,347.78         0.00
 18     5,211.26     5,211.26         5,314.36     899.52     4,429.84     4,429.84     4,429.84         5,774.28     3,433.45
 19     3,265.80     3,265.80         3,140.90     818.90     2,432.90     2,432.90     2,432.90         4,736.91         0.00
 20     5,433.02     5,433.02         6,028.02     970.02     5,058.00     5,058.00     5,058.00         8,031.13     6,801.00
 21         0.00         0.00             0.00       0.00         0.00     1,182.60         0.00  *        111.02         0.00
 22         0.00         0.00             0.00       0.00         0.00         0.00         0.00             0.00         0.00
 23     2,659.60     2,659.60         2,677.60     362.20     2,315.40     2,315.40     2,315.40         4,296.60     2,610.00
 24     6,150.06     6,150.06         5,967.56   1,258.04     5,359.52     5,359.52     5,359.52         7,096.52     4,656.00
 25         0.00         0.00             0.00       0.00         0.00         0.00         0.00             0.00         0.00
 26     5,725.62     5,725.62         6,318.22     357.40     5,999.82     5,999.82     5,999.82         5,689.42     2,522.00
 27     2,111.80     2,111.80         2,150.10     753.50     1,396.60     1,396.60     1,396.60         3,850.58         0.00
 28         0.00         0.00             0.00       0.00         0.00         0.00         0.00             0.00         0.00
 29    19,180.69    19,180.69        21,018.29   3,067.39    18,010.90    18,010.90    18,010.90        16,351.29         0.00
 30    12,749.24    12,749.24        12,684.04   1,498.34    11,237.40    11,237.40    11,237.40        11,646.10    11,144.80
 31     4,574.73     4,574.73         4,129.93   1,326.93     3,726.60     3,726.60     3,726.60         5,565.62         0.00
 32         0.00         0.00             0.00       0.00         0.00         0.00         0.00             0.00         0.00
 33     8,525.41     8,525.41         9,395.01     890.10     8,530.31     8,530.31     8,530.31         9,571.89     8,615.00
 34     2,039.40     2,039.40         1,831.00     333.60     1,581.30     1,581.30     1,581.30         2,274.25         0.00
 35     7,221.13     7,221.13         7,588.53   1,394.72     6,244.81     6,244.81     6,244.81        10,977.40         0.00
 36         0.00         0.00             0.00       0.00         0.00         0.00         0.00             0.00         0.00
 37    16,763.24    16,763.24        18,045.05   1,717.40    16,367.65    16,367.65    16,367.65        15,768.78    10,750.00
 38     7,213.63     7,213.63         7,323.83     882.03     6,711.10     6,711.10     6,711.10         6,460.77     5,715.85
 39    12,140.13    12,140.13        13,043.81     575.94    12,516.77    12,516.77    12,516.77        12,216.83     9,550.00
 40     2,445.00     2,445.00         2,680.13      78.60     2,629.43     2,629.43     2,629.43         3,423.54     2,034.63
 41     8,775.81     8,775.81         7,930.61   2,590.91     7,222.40     7,222.40     7,222.40         8,173.99         0.00
 42    10,590.92    10,590.92        11,647.12     674.00    10,973.12    10,973.12    10,973.12         8,855.66         0.00
 43     7,341.92     7,341.92         7,776.13     881.91     6,921.02     6,921.02     6,921.02         8,069.66         0.00
 44    12,553.72    12,553.72        13,974.02   1,785.22    12,268.60    12,268.60    12,268.60        12,411.48     6,000.00
 45     4,327.41     4,327.41         4,450.51     491.01     4,266.50     4,266.50     4,266.50         5,577.51         0.00
 46     3,808.62     3,808.62         4,159.61     281.91     3,877.70     3,877.70     3,877.70         3,346.78     2,644.00
 47     3,733.13     3,733.13         3,903.23     230.32     3,699.81     3,699.81     3,699.81         6,653.61         0.00
 48         0.00         0.00             0.00       0.00         0.00         0.00         0.00             0.00         0.00
 49     4,359.75     4,359.75         4,367.26     810.90     3,581.36     3,581.36     3,581.36         7,172.18         0.00
 50     2,354.21     2,354.21         2,407.41     280.31     2,202.90     2,202.90     2,202.90         3,292.68     2,626.00
 51     5,617.33     5,617.33         5,907.02     582.52     5,445.90     5,445.90     5,445.90         6,384.05     3,618.00
 52    10,195.41    10,195.41        11,386.42   2,679.51     8,774.91     8,774.91     8,774.91         9,281.16     4,500.00
 53     3,815.40     3,815.40         4,047.90     592.90     3,495.00     3,495.00     3,495.00         4,424.10     3,244.00
 54     4,121.70     4,121.70         4,239.00     573.30     3,766.70     3,766.70     3,766.70         2,027.81       825.00
 55     6,769.64     6,769.64         7,628.93     762.63     6,937.70     7,432.70     7,432.70         4,252.26         0.00
    ------------ ------------     ------------ ---------- ------------ ------------ ------------     ------------   ----------
DREBES & CIA.LTDA.                                                                                                confimp    PAG.:    2
SISTEMA GERENCIAL                                                                                                 13 JAN 2003    17:46
                                               CONFERENCIA DE TRANSMISSAO DE 11/01/2003
---------------------------------------------------------------------------------------------------------------------------------------

 Fl   Tot.Vendas   Tot.Linhas     Tot.Comissao  Tot.Vista    Tot.Prazo Tot.Contrato  Tot.Titulos        Tot.Pagos Tot.Deposito
--- ------------ ------------     ------------ ---------- ------------ ------------ ------------     ------------ ------------
      319,386.50   307,718.38       337,929.06  46,223.09   298,948.77   300,626.37   299,362.87       342,080.47   135,624.05 TOTAL
