401635*52    62.00     0.00
401634*37    44.00     0.00
401567122   146.00     9.00
400022*72    87.00     0.00
401844107   128.00     0.00
401249140   168.00     4.00
400696*53    64.00     0.00
400832      324.00     5.00
400828       75.00     4.00
400021*105  126.00     0.00
401845147   176.00     0.00
401248176   211.00     9.00
401568116   139.00     1.00
40069269     83.00     0.00
401894460   552.00     0.00
400905*      87.00     0.00
100007142   171.00    27.00
401256*      24.00     0.00
001073*23    28.00     0.00
00305032     39.00     0.00
100398*37    44.00     0.00
003051*38    46.00     0.00
001998*41    49.00     0.00
401466*36    43.00     0.00
401472*54    65.00     0.00
40107612     15.00     0.00
001107*179  215.00     0.00
401385234   281.00     4.00
400290142   170.00     3.00
402193       10.00     0.00
401425        4.00 2,120.00
402127       12.00     0.00
402129       12.00     0.00
402128       12.00     0.00
400966*24    29.00     0.00
40168233     40.00     0.00
401330*141  169.00     0.00
400900117   141.00     0.00
100492117   141.00     0.00
100493117   141.00     0.00
40167391    109.00     0.00
40179791    109.00     0.00
40179891    109.00     0.00
100061108   130.00     1.00
401818123   148.00    27.00
401712123   148.00    15.00
10000887    104.00    24.00
401239123   148.00    42.00
400425*108  130.00     0.00
400242*297  357.00     0.00
401007*368  442.00     0.00
401008*202  243.00     0.00
002309*457  548.00     0.00
400007*198  238.00     0.00
100073*298  358.00     0.00
401230*233  280.00     0.00
001068*210  252.00     0.00
001415*393  472.00     0.00
100026*330  396.00     0.00
001315*495  594.00     0.00
001279*462  555.00     0.00
401225*167  201.00     0.00
000969337   405.00     0.00
400291*22    26.00     0.00
401463      133.00     1.00
401516*91   109.00    -4.00
400706      604.00     1.00
002166      750.00     1.00
003115      850.00     0.00
401419      609.00     0.00
401100*205  246.00     0.00
401110*40    48.00     0.00
401124*107  129.00     1.00
401127*144  173.00     0.00
401128*145  174.00     0.00
401129*55    66.00     0.00
40113061     73.00     0.00
401047139   167.00     0.00
400982*119  143.00     0.00
400984*192  231.00     2.00
400985*57    68.00     0.00
401154242   290.00     0.00
401176153   184.00     0.00
401192135   162.00     0.00
401193135   162.00     0.00
401115*226  271.00     0.00
401116*157  189.00     0.00
401117253   304.00     0.00
401120*205  246.00     0.00
401121*163  196.00     0.00
401034168   202.00     0.00
401037167   200.00     0.00
401435252   302.00     0.00
400977*192  230.00     0.00
400978*260  312.00     0.00
400979*183  220.00     0.00
400980*191  229.00     1.00
400981*197  236.00     0.00
401162191   229.00     0.00
401165202   242.00     0.00
401426287   345.00     0.00
401141*131  157.00     0.00
401064185   222.00     0.00
401065239   287.00     0.00
400987*132  158.00     1.00
400988*194  233.00     0.00
401191297   357.00     0.00
401150132   158.00     0.00
401151168   202.00     0.00
401071132   158.00     0.00
401197132   158.00     0.00
401133*146  175.00     0.00
401135217   260.00     0.00
401057255   306.00     0.00
400986*138  166.00     0.00
401132*57    69.00     0.00
400445      230.00    19.00
401391      280.00     3.00
40125317     21.00     0.00
40125212     14.00    32.00
401250200   240.00    -2.00
400023*151  181.00     0.00
400698178   214.00     0.00
401705192   230.00     0.00
400229*     599.00    28.00
401274*     599.00    27.00
001443      419.00     1.00
400060*     479.00     0.00
400858      499.00    26.00
400004      829.00     0.00
400098      449.00     2.00
001037*     249.00     0.00
100349482   578.00     0.00
400827      270.00     5.00
400842*     349.00     2.00
400024*90   108.00     9.00
400833107   128.00     0.00
401251140   168.00     6.00
401636*134  161.00     0.00
400782*160  192.00     0.00
400783*160  192.00     0.00
400387*40    48.00     0.00
401501      198.00     3.00
400298*     172.00     3.00
400342       62.00     2.00
400299       22.00     3.00
400843       40.00     1.00
400314       30.00    46.00
400315       36.00     4.00
401785729   729.00     0.00
100569    1,484.00     0.00
4017162       3.00     6.00
4017174       5.00     5.00
4017187       8.00     4.00
4017152       3.00    34.00
4017142       2.00    -1.00
401410*422  507.00     1.00
400228356   427.00     0.00
401786356   427.00     0.00
401689355   426.00     0.00
100443164   197.00    28.00
100006*236  283.00     0.00
401789367   441.00     0.00
400254367   440.00     0.00
401631152   182.00    45.00
401523*318  382.00     0.00
401422152   182.00     0.00
401009169   203.00     0.00
400488259   311.00     0.00
401353       39.00     0.00
000265      129.00    63.00
401308      276.00     3.00
401464      126.00     4.00
402224        2.00     0.00
002222       19.00     0.00
40209847     56.00    43.00
401732       29.00    16.00
400531*      29.50     3.00
402120       49.00   116.00
100350*9     11.00     0.00
401627*     366.00     1.00
400467*      60.00     0.00
00309566     80.00    26.00
00216182     98.00     0.00
400489       23.00     0.00
001414       32.00     0.00
400490       31.00     2.00
000954       18.00     2.00
400403       12.00    18.00
401077E     399.00    27.00
000065       55.00     0.00
401329       76.00     2.00
001133       15.00     0.00
002999       19.00     5.00
003037       20.00     1.00
100494      299.00     1.00
002672      299.00     0.00
100423*      14.00     1.00
100460*      15.00     0.00
100104*      20.00     2.00
100103*      29.00     2.00
100105*      10.00     2.00
100107*      12.00     0.00
401318*      16.00     2.00
001332*      49.00     1.00
001333*      22.00     4.00
401317*      12.00     8.00
003111E399  399.00   720.00
002185E      17.00   194.00
402143E      26.00   169.00
003093       26.00   206.00
001050       24.00   114.00
402144       29.00   139.00
402090E      48.00   215.00
400465E      62.00   313.00
400786E      82.00   280.00
001077       24.00     1.00
00304269     70.00 1,591.00
400122       76.00     1.00
003035*      49.00     2.00
40090382     82.00    41.00
400485       64.00     2.00
400563       83.00     1.00
401558      157.00     1.00
401556       83.00     7.00
401557      108.00     9.00
401322       55.00     1.00
002865      169.00     0.00
001370       19.00     0.00
001056       49.00     4.00
100352      188.00     4.00
402016       43.00   293.00
001299       86.00     8.00
402001      119.00    18.00
100113*      65.00     0.00
002082*225  270.00     0.00
400151*54    65.00     0.00
000965*50    60.00     0.00
401520E97   116.00    12.00
00264182     99.00     0.00
10034040     48.00     0.00
400344*192  230.00     3.00
400345*112  134.00     0.00
400358*103  124.00     0.00
400324*117  140.00     0.00
400359*57    68.00     1.00
400362*53    64.00     0.00
100375*74    89.00     0.00
100354*107  128.00     0.00
10037845     54.00     0.00
100379*54    65.00     0.00
400569*51    61.00     0.00
000191*103  124.00     0.00
002606*157  189.00     2.00
001448*177  212.00     1.00
001417*55    66.00     0.00
400512*49    59.00     0.00
400589*142  171.00     0.00
402100208   250.00    39.00
402099171   205.00    27.00
100404      186.00   216.00
400399114   114.00   805.00
401366      165.00   343.00
001286*     130.00     2.00
000980*     156.00     2.00
001451*      99.00     0.00
001457*     120.00     1.00
001446*     166.00     1.00
401593      106.00   175.00
001012186   186.00   121.00
400440      149.00     1.00
401667E     154.00    55.00
400391*     228.00     1.00
400401*     368.00     0.00
401372      350.00     2.00
400261*      73.00     1.00
400402*      73.00     2.00
400964*      39.00    10.00
401834      350.00     7.00
402101      299.00     7.00
402103      349.00     4.00
003008*     244.00    11.00
402189E     535.00   150.00
401917E     475.00   212.00
401916      479.00     0.00
4016660       0.00     0.00
003045*      16.00     1.00
001313*      35.00     2.00
400150*71    85.00     0.00
000963*110  132.00     0.00
402094187   225.00    39.00
401519E127  152.00    35.00
40209770     84.00    40.00
402093223   268.00    22.00
002640*105  126.00     0.00
100341*97   117.00     0.00
003140368   442.00    15.00
401975397   477.00    24.00
400346*158  190.00     0.00
400347*57    68.00     0.00
400326*152  182.00     0.00
400327*146  175.00     0.00
400541*105  126.00     0.00
100370*109  131.00     0.00
100372*141  169.00     0.00
100353*144  173.00     0.00
100373*187  225.00     0.00
100374*132  159.00     0.00
001308*116  139.00     0.00
001416*160  192.00     0.00
000190*117  140.00     0.00
001284*180  216.00     0.00
400582*172  206.00     0.00
400380255   306.00    21.00
400079*64    77.00     0.00
001762*168  202.00     0.00
00114895    114.00     2.00
002972*99   119.00     0.00
001477*127  153.00     0.00
002884*91   109.00     0.00
001488*124  149.00     0.00
402236122   147.00     0.00
402237122   147.00     0.00
000170*90   108.00     0.00
003101*133  160.00     1.00
401726118   142.00   353.00
401930118   142.00    45.00
002051*82    98.00     0.00
100436*82    98.00     0.00
401725235   282.00    22.00
100586*382  458.00     0.00
100536*152  183.00     0.00
002649*163  196.00     0.00
001306*48    58.00     0.00
100585*47    56.00     0.00
400493*116  139.00     0.00
002648*287  344.00     1.00
401727462   555.00   118.00
002966*307  369.00     0.00
002967*318  382.00     0.00
400484572   686.00     2.00
100525*367  441.00     1.00
002965*287  344.00     3.00
402238436   523.00    69.00
002968*274  329.00     0.00
100013*318  382.00     0.00
400495*334  401.00     0.00
400483*382  458.00     0.00
400496*422  507.00     0.00
002973*79    95.00     0.00
100440*67    81.00     1.00
400494*79    95.00     0.00
000172*31    37.00     0.00
00266241     49.00    87.00
00013424     29.00     0.00
10002733     40.00     4.00
00297184    101.00     1.00
000131*70    84.00     2.00
001152*70    84.00     0.00
00297444     53.00     0.00
40223932     38.00     7.00
001307*49    59.00     0.00
00219399    119.00     1.00
401469122   146.00   144.00
100396*15    18.00     0.00
100019*20    24.00     1.00
4005335       6.00     4.00
401000312   374.00     4.00
003106*274  329.00     0.00
400050*     344.00     2.00
002587E115  115.00   390.00
002588*     146.00     1.00
401839E173  173.00   162.00
401840E263  263.00    39.00
400677*     165.00     9.00
400676*     150.00     3.00
400675*      76.00     4.00
401471*      85.00     9.00
00202383     83.00   176.00
40221862     62.00   647.00
000987266   285.00   477.00
001489*      70.00     0.00
400017E      72.00   794.00
400473E      81.00   634.00
002830*      73.00     0.00
001565*      75.00     1.00
400171*      64.00     2.00
100574*     109.00     0.00
401005*      78.00     0.00
401292*      75.00     4.00
400058*      70.00     2.00
400059*      97.00     1.00
400680       59.00     1.00
400681       59.00     0.00
400907       70.00    14.00
400908E      70.00    17.00
400686      106.00    14.00
400682E      89.00    14.00
400683E      89.00    51.00
400684E      89.00    17.00
400685E     106.00    26.00
401231      106.00     1.00
400687E     106.00   117.00
400688E106  106.00   372.00
400689E     127.00    61.00
400690E     127.00    38.00
400287*      87.00    34.00
400231*      58.00    69.00
400062*      37.00     1.00
401461*      55.00    20.00
401526*      31.00     4.00
401525*      34.00     3.00
002834*53    64.00     0.00
401723252   252.00    35.00
002290E100  139.00   117.00
001334E195  234.00    11.00
002237E195  234.00    17.00
001336E195  234.00    16.00
400741*267  320.00     2.00
400208*156  187.00     0.00
001981*81    97.00     0.00
100024*98   118.00     0.00
400312151   181.00    37.00
400971151   181.00    19.00
401966E154  185.00    47.00
40158296    115.00    15.00
40158396    115.00    12.00
001143*146  175.00    10.00
001140*77    92.00     1.00
100522*247  296.00     0.00
002802*     208.00     2.00
100507      157.00    17.00
401477       65.00     5.00
001504*     119.00     0.00
002182*     149.00     0.00
001297*     159.00     0.00
001547*      74.00     0.00
001502*     112.00     0.00
001256*     122.00     0.00
400701      242.00    12.00
400762*      90.00     0.00
400761*      90.00     0.00
400498*      59.00     0.00
400497*      59.00     0.00
400499*     139.00     0.00
002279      194.00   163.00
001637E218  218.00   772.00
002638E123  123.00    93.00
002114E     148.00    80.00
002661E     129.00   107.00
002278E160  160.00    80.00
000937*     145.00     0.00
002281194   194.00   255.00
400416      258.00     0.00
002283E     210.00   136.00
401418295   295.00    15.00
401303*     239.00     0.00
100500*     239.00     0.00
100542*     128.00     0.00
400417194   194.00    67.00
401300*     190.00     0.00
401825E     356.00    19.00
400422*     154.00     0.00
400011*     287.00     0.00
401382*     261.00     1.00
100546*     261.00     7.00
401828      301.00    31.00
400012*     124.00     0.00
400013*     124.00     0.00
100544*     133.00     0.00
100543*     128.00     0.00
400420*     154.00     0.00
400421*     164.00     0.00
401675      281.00     0.00
401301*     208.00     0.00
401735      169.00     2.00
401482      169.00    27.00
401483*     189.00     0.00
100540*      84.00     0.00
100539*      84.00     1.00
400161*     245.00     1.00
400014*     191.00     0.00
400418*     154.00     1.00
401827      151.00     0.00
402240      147.00    64.00
401221      248.00    24.00
402241      297.00     0.00
100562*     154.00     0.00
100563*     154.00     0.00
400075*     140.00     0.00
401481      158.00    63.00
401826146   146.00    94.00
401220*     264.00     0.00
401721        5.00   857.00
003102       22.00     0.00
401606E402  483.00     0.00
40121623     28.00     1.00
027906E       0.0118,593.00
00133914     17.00     0.00
001341*34    41.00     0.00
001340*14    17.00     0.00
001865*14    17.00     0.00
003074*34    41.00     0.00
40179010     12.00     5.00
4017917       9.00   609.00
40145271     85.00     1.00
401376137   165.00     0.00
401283137   165.00    15.00
40128288    106.00     1.00
100473*54    65.00     2.00
401701208   250.00    39.00
400398170   204.00     0.00
400166120   144.00     3.00
100022212   254.00     0.00
001429*36    43.00     0.00
100386*39    47.00     0.00
001331*32    39.00     1.00
100048*132  158.00     0.00
003097*49    59.00     0.00
000161*65    78.00     0.00
003133*32    38.00     2.00
401431*16    19.80     4.00
002168*14    17.00     0.00
001977*7      9.00     0.00
400717*18    22.00     5.00
400716*27    32.00   403.00
001383E14    12.00 3,621.00
0017908      10.00     0.00
001745*10    12.00     0.00
40192222     27.00     0.00
40199171     85.00   105.00
40185422     26.00    85.00
40185219     23.00    16.00
40220720     24.00     0.00
400106*24    29.00     0.00
100426*15    18.00     0.00
400329*165  198.00     0.00
100442*172  207.00     0.00
401665113   136.00     3.00
100548*15    18.00    -1.00
001210E14    20.00   342.00
003183*       0.00     0.00
100070*5      6.00     0.00
10048555     66.00     0.00
400424*7      9.00    87.00
00183011     13.00     0.00
40190062     74.00     2.00
40190261     74.00   112.00
40190161     74.00   141.00
40195662     74.00     3.00
001342*22    27.00     2.00
002981*12    15.00     3.00
001866*21    25.00     2.00
001343*21    25.00     0.00
400822*21    25.00     0.00
400461*178  214.00     0.00
00213582     98.00    69.00
001500*44    53.00     0.00
001261*81    97.00     1.00
401310       50.00   407.00
000061       50.00     1.00
100584       79.00   279.00
400297       86.00     1.00
001491*     168.00     1.00
400389       49.00     0.00
400019       69.00     0.00
401538      114.00   385.00
401246       53.00   428.00
40021265     64.00   689.00
400751       89.00   308.00
001181*      49.00     0.00
001449       20.00     1.00
100556*      38.00     0.00
002866*      68.00     0.00
001587*      42.00     2.00
100455*      73.00     1.00
002916*      49.00     2.00
002201       19.50     4.00
401455      192.00     0.00
400718      170.00     0.00
401937      256.00   367.00
401075      259.00     1.00
401626      450.00   239.00
000187*18    22.00     0.00
400530*       8.50     0.00
002285*      47.00     0.00
401630        9.00    64.00
100032*      99.00     0.00
401011168   202.00    36.00
401012168   202.00    32.00
401010168   202.00    28.00
401540E88   106.00    34.00
40153975     90.00    26.00
401014E102  123.00    52.00
401015E102  123.00    34.00
401013E102  123.00    40.00
401370326   391.00    26.00
401337*261  313.00     0.00
401336*261  313.00    -1.00
401700267   320.00    26.00
401596267   320.00    21.00
402086122   147.00     2.00
402087122   147.00     9.00
400435E92   119.00    73.00
401973121   145.00    30.00
401569E79    95.00    50.00
000417113   136.00     0.00
002188*208  250.00     0.00
003022*152  182.00     0.00
003023*207  249.00     0.00
001190*94   113.00     0.00
100450*177  213.00     0.00
100432*183  220.00     2.00
100109*223  268.00     2.00
000995*114  137.00     4.00
001991*151  181.00     0.00
401278*287  345.00     0.00
401332*286  343.00     0.00
401412*201  241.00     0.00
401411*201  241.00     0.00
40062076     91.00     0.00
40099976     91.00     0.00
40097476     91.00     0.00
40122365     78.00     0.00
40158867     81.00     0.00
401529E183  220.00    54.00
401668E183  220.00    65.00
401633E183  220.00    57.00
401984145   174.00    37.00
401985145   174.00    57.00
401986145   174.00     2.00
001224*116  139.00     0.00
001319*98   118.00     0.00
001320*127  153.00     0.00
00306199    119.00     0.00
400374*178  214.00     0.00
401093*135  162.00     2.00
003066*86   103.00     0.00
400447281   337.00     1.00
000985*106  127.00     0.00
002836*94   113.00     0.00
400103112   134.00     0.00
400089112   134.00     0.00
400104112   134.00     0.00
401642137   165.00     0.00
001369112   134.00     0.00
001479112   134.00     0.00
001371112   134.00     0.00
400001*62    74.00     0.00
400840E120  145.00    36.00
400482E120  145.00    35.00
400481E120  145.00    22.00
40021496    115.00     0.00
40048096    115.00     0.00
40053296    115.00     3.00
00136596    115.00     0.00
00147896    115.00     1.00
00136696    115.00     4.00
401977E83   100.00    12.00
401978E83   100.00     7.00
40197983    100.00    21.00
002645*82    98.00     0.00
0026460       0.00     0.00
002644*82    98.00     0.00
001362*84   101.00     0.00
001363*107  128.00     0.00
400719*      15.00     1.00
100444*      42.00     1.00
402122       67.00    77.00
003028*     890.00     1.00
400108*     995.00     0.00
402121       74.00   242.00
401475E76    76.00   345.00
401988E     151.00   117.00
001439*      43.00     0.00
001440E103  103.00   388.00
402190E   1,113.00     1.00
402168       12.00     0.00
402210       15.00 1,856.00
40061930     36.00     0.00
40097230     36.00     1.00
401535*       9.00     0.00
401534*       9.00     3.00
401623*       7.00     0.00
401707*      10.00     0.00
400849*      10.00     8.00
400737*      10.00     0.00
401450*       7.00     0.00
401489*       8.00     0.00
401581*       8.00   182.00
401490*       7.00     0.00
401708       10.00     0.00
402186       10.00     0.00
402203       10.00    57.00
401533*      15.00     3.00
401709       10.00   335.00
401597       10.00   111.00
402185       10.00    54.00
402151       10.00    93.00
401815       10.00   610.00
401814       10.00   643.00
400735*      10.00     0.00
400749       10.00   289.00
400736*      10.00     0.00
401510       10.00   762.00
401449*      10.00     0.00
400734*      10.00     0.00
402222       10.00   102.00
402223       10.00     0.00
401639*       5.00     0.00
401678        5.00 1,473.00
402221       10.00   133.00
402146       10.00   355.00
401638*       5.00     0.00
402023       10.00   390.00
402024       10.00   178.00
402025       10.00     0.00
400379*      19.00     1.00
400404*      10.00   398.00
400475*      10.00     0.00
400243*      10.00     0.00
400244*      10.00     0.00
400795*      10.00     1.00
400054*      10.00     0.00
401451*       7.00     0.00
401433*       9.00     0.00
401442*       9.00     0.00
401434*       9.00     1.00
401561*       5.00     0.00
401562*       6.00     0.00
400382*      11.00     0.00
400381*      15.00     0.00
401315*       6.00     8.00
401275*       6.00     0.00
401276*       6.00     0.00
401277*       6.00     0.00
40200336     43.00     0.00
40204649     59.00   112.00
401685E35    42.00   172.00
401940160   192.00    30.00
402043160   192.00    16.00
402042160   192.00    15.00
401938E192  231.00    30.00
402041E192  231.00    21.00
402040E192  231.00    29.00
401942E249  299.00    72.00
402044249   299.00    33.00
401939E123  148.00    33.00
402206123   148.00    13.00
402205123   148.00     8.00
401944143   172.00    24.00
402045E143  172.00    26.00
401837E199  249.00   178.00
001309E182  219.00    45.00
401941E54    65.00    37.00
40235154     65.00    16.00
402150E54    65.00    34.00
401943E55    66.00    63.00
401686E102  123.00    49.00
401683156   187.00    56.00
401684E167  201.00    45.00
402230E292  351.00    30.00
402228E292  351.00    28.00
401681E365  439.00    93.00
401680E365  439.00   101.00
401999E365  439.00    94.00
401409E507  609.00    73.00
402000E507  609.00    82.00
401547*      10.00   382.00
400796*      78.00     4.00
401293       79.00     5.00
402010       19.00    27.00
402009        8.00    20.00
401565*       8.00     2.00
401594*      35.00     2.00
401006*      32.00     0.00
401387*      18.00     1.00
400898*      21.00     1.00
400459*89   107.00     6.00
400740*242  290.00     4.00
100100*206  247.00    -2.00
100550*308  370.00     1.00
100101138   166.00     1.00
400787*132  158.00     1.00
001298168   202.00    22.00
000076*106  127.00     1.00
400752173   208.00   140.00
401266320   384.00    96.00
400251*133  160.00     0.00
000075*118  142.00     2.00
400560*66    79.00     0.00
100025135   163.00   115.00
002160266   319.00   136.00
401926562   674.00     0.00
002876*67    80.00     0.00
100000*115  138.00     0.00
001783*222  267.00     0.00
401906       10.00    21.00
402070       10.00     0.00
400410E      20.0016,502.00
401695       20.00     6.00
401611*      20.00    69.00
400226*      25.00     0.00
400730*      30.00     0.00
401733*      20.00    26.00
401877       20.00    50.00
401508       20.00   211.00
401383*      20.00     0.00
401487*      20.00     5.00
400902*      20.00     0.00
100466*      99.00     0.00
401809      166.00    54.00
003120*      49.00     0.00
401813      166.00    64.00
400030*      69.00     0.00
400036*      47.00     0.00
100057*      59.00     0.00
400198*      19.00     0.00
400200*      19.00     0.00
002985*     126.00     0.00
400789*      66.00     0.00
400793*      59.00     0.00
002983*      77.00     0.00
400201*      59.00     0.00
401811      166.00    58.00
400202*      49.00     0.00
400792*      59.00     0.00
400790*      66.00     0.00
400179*      56.00     0.00
000973*      49.00     0.00
401812      166.00    56.00
400196*      37.00     0.00
401810      127.00     9.00
400949*      97.00     0.00
100367*     126.00     0.00
100366*      97.00     0.00
400178*     121.00     0.00
400197*      47.00     0.00
002941*     126.00     0.00
400316*     140.00     0.00
400032*      66.00     0.00
400788*      66.00     0.00
100365*      97.00     0.00
400791*      57.00     0.00
400068      112.00     0.00
401102*     103.00     0.00
401103*     159.00    -1.00
402233       82.00     0.00
402235      118.00    11.00
002220*      39.00     0.00
402234      107.00    10.00
401996       28.00     9.00
401997       28.00     0.00
401998       28.00     5.00
401868      126.00     1.00
401729      170.00     0.00
401955      289.00     0.00
401399        0.01     0.00
003025*     229.00     1.00
001103      238.00     1.00
400170      208.00    99.00
001083      237.00   316.00
002134140   168.00    44.00
401563       75.00   750.00
401871       98.00     1.00
40222689     91.00    66.00
401933       83.00    16.00
401652       99.00     3.00
402038      369.00    11.00
402072      259.00     4.00
400096*      48.00     0.00
402022275   275.00   215.00
40007453     64.00    36.00
40132142     50.00     4.00
100566*      59.00     1.00
002219*      29.00     6.00
001183*      39.00     3.00
400443183   220.00     0.00
40005528     34.00     9.00
002659152   182.00    55.00
002924154   185.00    86.00
002658100   121.00   119.00
100564103   124.00    37.00
10004661     73.00     5.00
401971147   177.00    14.00
10004782     98.00    25.00
401970299   359.00    27.00
401981183   220.00     3.00
401605E428  514.00    31.00
401357E216  259.00    40.00
401358E231  278.00   201.00
401356E136  164.00    34.00
401361E154  185.00    57.00
401362E36    43.00    77.00
401365162   194.00     0.00
401364107   129.00    16.00
401359E275  330.00    15.00
401360E293  352.00    38.00
401640*33    40.00     2.00
400263344   413.00     1.00
400220*445  534.00     0.00
401217312   375.00     0.00
401254*424  509.00     0.00
400141355   426.00     0.00
400219E350  420.00    11.00
400010376   451.00     0.00
401022E443  532.00    20.00
400216*443  532.00     0.00
400215*167  201.00     0.00
400217*216  259.00     0.00
400009291   349.00     2.00
400911E337  405.00     9.00
000089*79    95.00     0.00
001192*10    12.00     0.00
001164*32    38.00     0.00
000767*17    21.00     0.00
000785*28    34.00     0.00
000111*104  125.00     0.00
000769*82    98.00     0.00
000782*147  177.00     2.00
001736*158  190.00     1.00
002668*93   112.00     0.00
001521*105  126.00     1.00
001018*135  162.00     0.00
000088*207  248.00     0.00
000127*222  266.00     0.00
400951*126  151.00     0.00
00304323     28.00     0.00
401341E284  341.00    23.00
401340284   341.00    35.00
400446*84   101.00     0.00
100481*110  132.00     0.00
001469*177  213.00     0.00
401415*136  163.00     0.00
401416*141  169.00     0.00
401262*242  290.00     0.00
401280*248  298.00     0.00
40023982     98.00     0.00
455777118   142.00     0.00
40061797    116.00    31.00
400973E97   116.00    20.00
402063139   167.00    47.00
10057273     88.00     0.00
40023273     88.00     0.00
40004773     88.00     0.00
401260105   126.00     0.00
401674103   124.00     0.00
402064E143  172.00     8.00
402065143   172.00    26.00
402066143   172.00     2.00
401799139   167.00    27.00
401800E139  167.00    41.00
401801E139  167.00    32.00
400338100   120.00     0.00
401333*132  159.00     0.00
001141*93   112.00     0.00
400234136   163.00     0.00
400084*150  180.00     0.00
003026*93   112.00     0.00
400140*188  226.00     1.00
002625E94   113.00    22.00
002969126   151.00    20.00
400888*239  287.00     0.00
400193*196  235.00     0.00
003110*232  279.00     0.00
001373*53    64.00     0.00
001863*107  128.00     0.00
400712*128  154.00     0.00
001053*     149.00     1.00
401486*   1,799.00     1.00
401553*   1,999.00     0.00
003108*   1,399.00     0.00
100009*   1,499.00     1.00
400105*   1,699.00     2.00
400088    1,799.00     0.00
400714*   1,699.00     2.00
400909*   1,799.00     4.00
401021*   1,799.00     2.00
401476*   1,690.00     2.00
401393*   1,590.00     4.00
40194820992,199.00     2.00
401882    1,299.00     0.00
401739    1,799.00     0.00
401838    1,999.00     2.00
401893    1,999.00     0.00
000189      789.00    29.00
001025*     840.00     0.00
400081    1,173.00     3.00
001252569   569.00   353.00
401698      652.00     0.00
002233*     436.00     0.00
402369678   678.00   130.00
100571*       5.00     0.00
003058*293  352.00     0.00
100424E332  398.00    20.00
401513501   601.00     0.00
401935653   784.00    20.00
401608E592  764.00    25.00
400912324   404.00    13.00
400537E399  491.00    29.00
401509E461  574.00    23.00
401913353   432.00     8.00
100559255   307.00    18.00
401661E236  283.00    27.00
401004E334  401.00    27.00
402005E     302.00    75.00
400771*277  333.00     0.00
401485*367  440.00     0.00
401240*517  621.00     0.00
400770*300  360.00     0.00
003135*460  552.00     0.00
002925*424  509.00     0.00
400679*470  564.00     0.00
100477*543  652.00     0.00
100516*177  212.00     0.00
400317*330  396.00     0.00
400724177   212.00     0.00
400008*217  261.00     0.00
003027227   273.00     0.00
002242*195  234.00     0.00
100558517   620.00     0.00
400372583   700.00     0.00
001232226   271.00     0.00
400082362   435.00     0.00
400436353   424.00     0.00
002961*115  138.00     0.00
000332207   248.00     0.00
401003190   228.00     0.00
001134*143  172.00     0.00
003129*176  211.00     0.00
401374187   224.00     0.00
401284187   224.00    18.00
100554*      58.00     0.00
400033*      69.00     1.00
100555       58.00     0.00
100393*      29.00     0.00
401903       15.00    14.00
002946       46.00    59.00
401891       47.00    16.00
000935*      81.00     0.00
402385E     161.00   193.00
000944      179.00   622.00
003034*     133.00     1.00
400486*     509.00   177.00
100534*     186.00     0.00
401454      262.00   170.00
401817      785.00    32.00
100484*     445.00     1.00
100567*     504.00     0.00
100483*     184.00     0.00
001576*      83.00     0.00
001187      165.00     0.00
402133176   176.00   960.00
400561      189.00     5.00
402134      622.00   129.00
401081*70    84.00     0.00
401082*87   104.00     0.00
401083*125  150.00     0.00
401085*267  320.00     1.00
401086*73    88.00     0.00
401087*186  223.00    13.00
401089*152  182.00     0.00
401210*42    50.00     0.00
401208*82    98.00     0.00
40124762     75.00     3.00
401205*17    21.00     0.00
401207*47    56.00     0.00
401211*4      5.00     0.00
401209*4      5.00     0.00
401243*12    14.00     0.00
401244*21    25.00     0.00
401204*2      3.00     0.00
401202*4      5.00     0.00
401206*7      8.00     0.00
401203*9     11.00     0.00
401212*4      5.00     0.00
401213*2      3.00     0.00
402247E300  360.00   187.00
401305E337  405.00    67.00
401480120   144.00     0.00
401339E132  158.00    40.00
401338132   158.00    24.00
401371114   137.00     4.00
00265356     67.00     1.00
002011*47    57.00     2.00
001274*24    29.00     0.00
401279*87   105.00     0.00
401388*      90.00     1.00
401331*77    93.00     0.00
40062134     41.00     0.00
40099634     41.00     0.00
40099734     41.00     0.00
40166061     74.00    43.00
401530E61    74.00    77.00
401719E61    74.00    29.00
400375*37    45.00     0.00
401094*30    36.00     1.00
400086*47    56.00     2.00
400847*72    87.00     1.00
40089399    119.00     0.00
40013296    115.00     0.00
400439*92   110.00     0.00
400328*116  139.00     0.00
400367*173  208.00     0.00
100381*112  135.00     0.00
100382*147  177.00     0.00
002608*122  146.00     3.00
100037*172  207.00     1.00
401215*282  338.00     0.00
400510*241  289.00     0.00
400910*      82.00     0.00
100112*      81.00     0.00
001559       63.00     0.00
002892*     131.00     0.00
100456*      54.00     1.00
001558*      87.00     0.00
100111*     162.00     0.00
400172*     209.00     0.00
002891*     121.00     0.00
401911      129.00    40.00
400472      138.00     2.00
400124      147.00    11.00
402004E     157.00    13.00
003138*     266.00     0.00
401910E     148.00     5.00
400471E     148.00     6.00
400125*     180.00     3.00
002869*     104.00     0.00
002870*     152.00     0.00
402085       68.00     0.00
402215      559.00    70.00
401504      559.00     1.00
401245*     499.00     0.00
401989439   439.00   290.00
402212479   479.00    50.00
100406*   1,406.00     0.00
401833      559.00     1.00
401342      559.00    57.00
401731      944.00     1.00
401874      999.00     0.00
002209      172.00    54.00
400567*      19.00    26.00
400566*      24.00     1.00
10001820     24.00     0.00
100017*26    31.00     2.00
400340*32    38.00   149.00
400107*42    51.00     0.00
400733*64    77.00     1.00
401651       40.00     4.00
401512187   224.00     0.00
401962115   139.00   134.00
401963115   139.00   128.00
401924E134  161.00    48.00
001475*153  184.00     0.00
001281*77    92.00     0.00
401517*124  149.00     0.00
401629136   163.00    22.00
002781175   210.00     1.00
401590168   202.00     9.00
400127192   231.00    35.00
003132*66    79.00     1.00
100413*122  146.00     0.00
400101*129  155.00     0.00
00309892    110.00     0.00
001295*61    73.00     0.00
40095883    100.00    42.00
400247*70    84.00     0.00
40154174     89.00     0.00
002857*20    24.00     0.00
401379*62    74.00     0.00
402209       51.00    62.00
400177*      42.00     0.00
001405       45.00   446.00
400798       55.00     1.00
002025*      46.00     5.00
002208*      33.00     0.00
400018E      41.00   293.00
001578*      29.00     0.00
001186*      35.00     1.00
400049*      25.00     0.00
001568*      38.00     2.00
402032       40.00   360.00
401656335   402.00    18.00
401992671   805.00    14.00
402175671   805.00     0.00
001004*293  352.00     0.00
100346*336  403.00     0.00
001422*147  177.00     2.00
001318*181  217.00     2.00
401095*342  410.00     0.00
002881326   391.00     0.00
003014332   398.00     1.00
100001*106  127.00     0.00
001474*128  154.00     0.00
003067217   261.00     0.00
400618E145  174.00    62.00
401628E145  174.00    30.00
001431334   401.00    18.00
402118322   386.00    13.00
402117322   386.00    15.00
003094358   430.00    27.00
100537*186  223.00     0.00
001442*186  223.00     0.00
003137*195  234.00     0.00
400801E169  203.00    30.00
401323E230  276.00    34.00
00138923     28.00     0.00
00101423     28.00     0.00
00139035     42.00     0.00
00101535     42.00     0.00
401232497   596.00     0.00
402176E497  596.00    17.00
402156313   376.00   136.00
402153313   376.00   120.00
401518*31    37.00     1.00
001505*     224.00    10.00
100489590   590.00    62.00
400700      243.00     1.00
100545      317.00    56.00
401017*      89.00     8.00
100405       20.00     0.00
401578*      51.00     0.00
4010184       5.00     0.00
4020922       2.00     0.00
400747      426.00     8.00
002666*     495.00     1.00
003007*     520.00     0.00
001374       26.00     0.00
000205*      19.00     0.00
001599*      45.00     0.00
400540       25.00     0.00
400674       27.00   613.00
400292       46.00     1.00
400293       74.00   333.00
401443       43.00     5.00
401980       52.00   217.00
400056*      45.00     0.00
001368*      24.00     0.00
001495       36.00   647.00
002820       38.00     0.00
400296       46.00     0.00
002822       28.00   374.00
401579       39.00     0.00
40151129     29.00 2,674.00
401905       83.00     0.00
000957*      18.00     0.00
001057*      18.00     0.00
002902*      47.00     0.00
400863*      35.00     1.00
401929E      41.00   971.00
401326E      60.00   502.00
401548       39.00     0.00
401355*      36.00     0.00
001557*      28.00     2.00
001554*      34.00     1.00
400390*      39.00     0.00
001573*      49.00     1.00
402078       18.00   502.00
000952        0.40     0.00
000090        2.00     0.00
002218*       4.00     0.00
400072       40.00    21.00
401832E     181.00    57.00
401423E179  181.00    96.00
402013      303.00     4.00
402147      640.00     8.00
400230E222  240.00   210.00
400169E222  240.00   350.00
400233E     339.00    24.00
400256E     339.00    35.00
001961*     108.00     1.00
001960*     108.00     1.00
002205      216.00     2.00
002204*     216.00     1.00
001241*     356.00     2.00
001483*     356.00     1.00
001240*     356.00     0.00
001287*     538.00     0.00
001636*     538.00     0.00
001009*     538.00     0.00
002922*     190.00     2.00
002888*     190.00     1.00
003080*     299.00     1.00
100043      278.00     1.00
100040      474.00     0.00
100042E     333.00    23.00
100041      333.00     0.00
100038E     482.00    23.00
100039E     482.00    45.00
401993E     459.00    52.00
400861E     499.00    50.00
400862      710.00     4.00
002861      238.00    12.00
002859      199.00     3.00
000118      171.00     4.00
000117      316.00     5.00
001641*     186.00     1.00
002101*     284.00     2.00
002937*     289.00     1.00
002850*     391.00     2.00
100059*     175.00     0.00
001711      180.00   104.00
000211      180.00    50.00
000215      180.00    66.00
001906      220.00   105.00
001406      125.00    21.00
401555      278.00    42.00
400426      259.00     0.00
401019      299.00    29.00
402017      359.00     8.00
402018      191.00     8.00
401296*      53.00     2.00
401294*      37.00     0.00
401604*       9.00     4.00
100419       10.00     0.00
001533*      73.00     0.00
401386*      29.00     0.00
401624299   299.00   267.00
401592      399.00     6.00
002595*     481.00     0.00
401214*     299.00     0.00
000006*     289.00     0.00
401080      329.00     1.00
001043*     273.00     1.00
400213*     247.00     0.00
401931      294.00    51.00
001948      184.00     2.00
400158      267.00   107.00
401542*     235.00     0.00
002880E     245.00   321.00
400487*     160.00     0.00
401001*     130.00     1.00
401438      189.00     4.00
401478      199.00     7.00
402242      233.00     0.00
401570      149.00     0.00
000097      210.00     5.00
002914*     131.00     0.00
402048      665.00     5.00
100502      768.00     9.00
100479      768.00    27.00
402394E     690.00     9.00
402393E     690.00     7.00
001911      619.00    24.00
000123      619.00    27.00
001910*     531.00     0.00
000128      753.00    24.00
002102      699.00     0.00
401949      753.00    20.00
402378E884  884.00     1.00
400037E     720.00    38.00
402379E622  622.00    62.00
402396E   1,541.00     9.00
401544*       8.50     0.00
400775*       8.00     0.00
400774*       8.00     0.00
400720*       8.00     0.00
401349*       8.00     0.00
401348*       8.00     0.00
401351*       8.00     0.00
401459*      17.00     0.00
401458*      17.00     0.00
401350*       8.00     0.00
401347*       8.00     0.00
401612*      11.00     0.00
401603*      10.00     0.00
401444*      12.00     0.00
401497*      12.00     0.00
401498*      12.00     0.00
401496*      12.00     0.00
401445*      12.00     0.00
401495*      12.00     0.00
401849      435.00     0.00
002650*      79.00     0.00
100418*     245.00     1.00
001569*     165.00     2.00
401649E134  161.00    42.00
40192027     33.00     6.00
40191924     29.00     0.00
000936*      62.00     0.00
402055      140.00     0.00
402142       62.00   207.00
40034367     67.00   543.00
400294       97.00    -6.00
002954       83.00    -6.00
001377*      78.00     9.00
001221*     110.00     0.00
401312*     115.00     0.00
400397      140.00     0.00
401468*     163.00     1.00
002853*47    56.00     9.00
002671E96    96.00   673.00
001584*23    28.00     0.00
401025E163  196.00     0.00
401027E139  167.00     0.00
401029E40    48.00     0.00
401031E42    51.00     0.00
40104371     85.00     0.00
401044E63    76.00     0.00
401045115   138.00     0.00
401048E148  178.00    72.00
401049E153  184.00     0.00
40105058     70.00     0.00
401051E64    77.00    -1.00
401052147   176.00     0.00
401060181   217.00     0.00
401061181   217.00     0.00
401068166   199.00     0.00
401736124   149.00     0.00
401255E134  161.00     0.00
40235642     51.00     0.00
402058E147  176.00    37.00
402169E172  207.00     0.00
402172152   183.00     0.00
401155E168  202.00     7.00
401227E147  177.00    13.00
401158E40    48.00     0.00
401160E42    51.00     3.00
401855E98   118.00     0.00
40186998    118.00     0.00
402202E109  131.00     0.00
40117288    106.00     0.00
401173E74    89.00     1.00
401174E115  138.00     3.00
401175E153  184.00     0.00
401177E158  190.00    66.00
401178E167  200.00     0.00
401179E62    75.00     9.00
401180E71    85.00     7.00
401181E153  184.00     0.00
401465E86   103.00    10.00
40150562     74.00     0.00
401188E187  225.00    10.00
401189E187  225.00     9.00
401369128   154.00     0.00
402160168   202.00     0.00
40180572     87.00     0.00
401657E113  136.00     0.00
401439147   177.00     0.00
401026E202  242.00     0.00
40103083    100.00     0.00
401032E89   107.00     0.00
401033E124  149.00     0.00
401035E197  236.00     0.00
401036E260  312.00    11.00
401038E268  322.00     0.00
401039153   184.00     0.00
401041E183  220.00    62.00
401042E173  208.00    87.00
401503104   125.00     0.00
402014311   373.00     0.00
402200E194  233.00     0.00
402194E89   107.00     0.00
402227E245  294.00     0.00
402056E202  242.00    40.00
402057E176  211.00    38.00
401156E211  253.00     1.00
401159E83   100.00     1.00
401167E89   107.00     3.00
401161E127  153.00    10.00
401856E112  135.00     0.00
401807142   171.00     0.00
401163E207  249.00     1.00
401164E265  318.00     2.00
402195102   122.00     0.00
401166E278  334.00     1.00
401168E171  205.00     0.00
401169E171  205.00     0.00
401170E218  262.00    70.00
401171E190  229.00    42.00
401506E104  125.00     0.00
401575E152  183.00     0.00
402125E157  189.00     0.00
401658E176  211.00     0.00
402211E183  220.00     0.00
40115332     38.00    90.00
401074E32    38.00    82.00
402249E32    38.00     0.00
401200E32    38.00    82.00
401062E167  201.00    59.00
401063E222  267.00    12.00
402371E185  222.00     0.00
402060E157  189.00    25.00
401229E174  209.00    47.00
401190E232  278.00     0.00
401363250   300.00     2.00
402073E189  227.00     0.00
400601340   408.00     0.00
402225E28    34.00     0.00
402377E33    40.00     0.00
401152167   201.00    12.00
401072121   145.00    10.00
401073E161  193.00    26.00
402260E162  194.00     0.00
401198E121  145.00     0.00
401199E161  193.00    19.00
401054E153  184.00     0.00
401055E153  184.00    61.00
401058181   217.00     0.00
401059181   217.00     0.00
402059E170  204.00    50.00
402204E189  227.00     0.00
402196189   227.00     0.00
401183190   228.00     0.00
401184190   228.00     0.00
401228289   347.00     0.00
401186E207  249.00     0.00
401187E207  249.00    49.00
402068E182  218.00     0.00
400463421   505.00     9.00
401696421   505.00     0.00
400671342   410.00     2.00
400672421   505.00     6.00
401398547   657.00     1.00
40212673     88.00     0.00
40220167     80.00     0.00
401659E78    94.00     0.00
40149360     72.00     0.00
401028E37    45.00     0.00
401053E60    72.00     0.00
40106942     51.00     0.00
401182E60    72.00     9.00
401157E37    45.00     0.00
401195E42    51.00     0.00
003104*     980.00     0.00
401816       65.00    15.00
401352       54.00   136.00
100031*     418.00     3.00
400458*     350.00     3.00
002901*     269.00     1.00
100072*     299.00     1.00
003015*     369.00     1.00
402332E7      8.00     0.00
402333E14    17.00     0.00
402334E22    26.00     0.00
402329E4      5.00     0.00
402330E4      5.00     0.00
402282E77    92.00     0.00
402301E172  207.00    20.00
402283E77    93.00     1.00
402278E235  283.00    29.00
402266E77    93.00     0.00
402269E93   112.00     0.00
402303E28    34.00     0.00
402265E38    46.00     0.00
402353E10    12.00     0.00
402319E3      4.00     0.00
402321E5      6.00     0.00
402323E6      7.00     0.00
402325E9     11.00     0.00
402314E245  294.00    20.00
402327E4      5.00     0.00
402328E3      4.00     0.00
402305E125  150.00     0.00
402307E178  214.00    20.00
402352E10    12.00     0.00
402336E23    28.00     0.00
402337E30    36.00     0.00
402350E20    24.00     1.00
402340E36    44.00    20.00
401777       61.00     0.00
401744        6.10     0.00
401780       12.00     0.00
400710*      25.00     0.00
401964      140.00   212.00
401835      139.00     0.00
400240*145  174.00     0.00
400152*110  132.00     0.00
402095360   432.00    27.00
401521E194  233.00    12.00
002642*91   109.00     0.00
100342*95   114.00     1.00
100357*218  262.00     0.00
402139      153.00   402.00
402158       50.00     0.00
402140      143.00    23.00
401313       49.00     0.00
401713      387.00   138.00
000978192   210.00   381.00
000034      647.00     6.00
402124615   615.00   117.00
402357E     699.00   129.00
400175*     567.00     2.00
002858*     265.00     1.00
003096      752.00     0.00
402033899   930.00   224.00
001233      620.00     0.00
401899      799.00   107.00
002918*     199.00     1.00
401571      337.00     5.00
100474      304.00    10.00
401320      289.00    92.00
400288199   199.00    23.00
400707E     303.00    56.00
401226*     119.00     5.00
400529      152.00     0.00
100068286   286.00   358.00
100069      328.00     3.00
001324E179  179.00   321.00
001062*      98.00     0.00
402208      465.00     1.00
40194548     48.00   199.00
400630       65.00   509.00
100347       43.00     0.00
402259       55.00    87.00
001265       41.00     2.00
001251       49.00     6.00
001283       58.00     0.00
400742       75.00   406.00
400897       79.00     2.00
001490*      47.00     1.00
400295*      54.00     1.00
401201*      54.00     0.00
400016       45.00     0.00
400968E      58.00   615.00
402021       53.00     0.00
001789       30.00     0.00
400969       40.00     4.00
401587E51    50.00   835.00
400835       50.00    81.00
003047*      38.00     1.00
001768*      39.00     1.00
001563*      84.00     1.00
002801*      54.00     3.00
100327*      69.00     0.00
001564*      53.00     5.00
400395*      39.00     0.00
002800*     115.00     1.00
100465*      14.00     0.00
401662      112.00   390.00
400948      105.00     4.00
400078*     119.00     0.00
402083       19.00    48.00
402084       19.00    28.00
401314       39.00     1.00
402074       49.00    34.00
000179*     119.00     0.00
001272*     249.00     2.00
002929294   294.00    46.00
100106*      14.00     0.00
002236*      99.00     4.00
000085*     115.00     1.00
001567      255.00     1.00
002913*     207.00     1.00
40179236     43.00 1,177.00
40127054     65.00     5.00
40127154     65.00     0.00
40126954     65.00     6.00
40161963     76.00   144.00
40161763     76.00    97.00
40162046     55.00   180.00
40161846     55.00   181.00
40155066     79.00    38.00
401549E66    79.00    25.00
40155248     58.00    40.00
40155148     58.00     1.00
401960E103  124.00    40.00
40161542     51.00   173.00
40161442     51.00     6.00
40142852     63.00    65.00
400744E52    63.00   150.00
40154654     65.00   165.00
40074554     65.00    85.00
40161661     73.00   158.00
40162561     73.00   117.00
40216282     99.00    77.00
402161E82    99.00    73.00
40216468     82.00    75.00
402163E68    82.00    96.00
40195957     68.00    47.00
40195844     53.00    65.00
40077663     76.00     0.00
40077748     58.00     0.00
40077866     79.00     0.00
40078068     82.00     0.00
40078154     65.00     0.00
40077952     63.00     0.00
400727114   137.00    -1.00
401909226   271.00    48.00
400839226   271.00    65.00
40154560     72.00   159.00
40131960     72.00   105.00
00310547     57.00     0.00
402108100   120.00    35.00
402049100   120.00    40.00
40205431     37.00    75.00
00312525     30.00     0.00
001999*194  233.00     0.00
401669*95   114.00     0.00
400394*86   103.00     0.00
100358*122  146.00     0.00
400205*123  148.00    10.00
400206*133  160.00     0.00
401470153   184.00     1.00
002934*47    57.00     0.00
002935*47    57.00     2.00
003123147   176.00     0.00
40049185    102.00     0.00
401648E120  144.00    40.00
001217*25    30.00     0.00
401566*24    29.00     1.00
40127214     17.00    84.00
40011530     36.00    46.00
400711*63    76.00     0.00
000967*12    15.00     0.00
400080*76    91.00     0.00
40053582     98.00     0.00
401384461   553.00     0.00
401389160   192.00     0.00
40006760     72.00     0.00
401974546   655.00    19.00
400430E462  554.00    46.00
40167960     72.00     0.00
401724543   652.00    23.00
002833413   496.00    12.00
40188760     72.00    40.00
40188660     72.00     5.00
002084*321  385.00     0.00
400542*132  158.00     0.00
400409*163  196.00     0.00
100384*176  211.00     0.00
400660*132  158.00     0.00
001550*95   114.00     0.00
001423*162  194.00     0.00
401655672   806.00    14.00
001476672   806.00     7.00
401499*364  437.00     0.00
401467355   427.00     0.00
401677160   193.00     4.00
401601267   321.00     0.00
402192276   331.00     8.00
402159275   330.00     0.00
401531E332  399.00    77.00
401953E380  456.00    21.00
100016*23    28.00     0.00
401995176   211.00     0.00
40192133     40.00     0.00
001114343   427.00     3.00
401334507   609.00     0.00
400826218   262.00     1.00
400087190   228.00    40.00
40144097    117.00    51.00
002143*31    37.00     0.00
002268*27    33.00     0.00
401908      255.00    22.00
003033*109  131.00     0.00
100071*12    14.00     0.00
40007338     46.00     1.00
00123051     61.00    41.00
401238*214  257.00     0.00
002584*53    64.00     0.00
002583*67    81.00     0.00
400433*8431,012.00     1.00
001392*15    18.00     2.00
001393*34    41.00     1.00
001394*22    26.00     0.00
001864*15    18.00     0.00
401259*443  532.00     0.00
400624*202  242.00     0.00
400260*     195.00     6.00
401787      299.00     4.00
401267*     329.00     0.00
001139*     399.00     1.00
001071*     499.00     0.00
002879*     685.00     0.00
402255E     435.00    50.00
402256      561.00    11.00
003082*     468.00     0.00
100414*     329.00     0.00
002586*     399.00     1.00
000204      199.00     1.00
400989      640.00     1.00
401928      123.00   102.00
400180       77.00     0.00
402232       69.90     0.00
401670E      71.00   191.00
400708      481.00     3.00
400715*     539.00     0.00
401850      449.00     4.00
100488*     631.00     0.00
400721*     666.00     1.00
401972      662.00    60.00
401448*     859.00     1.00
401397      679.00     0.00
401672      259.00     0.00
400678      299.00    22.00
401373      379.00     6.00
400990445   445.00    15.00
401872      441.00     1.00
402366386   386.00    28.00
402174      428.00     0.00
402367475   475.00    21.00
402368520   520.00    27.00
401671      476.00     5.00
402037      562.00     0.00
100581*     751.00     0.00
100582*     936.00     0.00
002856*     412.00     0.00
401793      745.00     0.00
401591499   510.00     6.00
401344      739.00    13.00
401860      776.00     1.00
401728      799.00     3.00
401437*   1,870.00     0.00
100475*     540.00     0.00
400378*     411.00     0.00
400962      690.00     0.00
401690    1,099.00     0.00
400731*     875.00     0.00
402008      649.00     1.00
402188      669.00     0.00
402246      999.00     0.00
400118*     654.00     1.00
400975*     716.00     0.00
401912      629.00     0.00
401653584   584.00    72.00
401699E     649.00    35.00
402071E     769.00    20.00
402110      880.00    14.00
100051*      74.00     0.00
002915*      74.00     2.00
400623*10    12.00     0.00
402019       41.00     1.00
40189036953,695.00     7.00
402079        7.00    41.00
401914       30.00     0.00
401987      144.00     3.00
402132       93.00   108.00
402077      243.00   204.00
002083*214  257.00     0.00
402082       10.00   119.00
001040*     141.00     0.00
40015371     85.00     0.00
00097057     69.00     0.00
401522E92   110.00     0.00
402096188   226.00    27.00
00264353     64.00     1.00
10034382     99.00     1.00
400363*134  161.00     0.00
400325*134  161.00     1.00
100355*115  138.00     0.00
000192*132  159.00     0.00
400993       66.00     0.00
402138       64.00     8.00
401836      165.00     0.00
002875*      71.00     0.00
401479       79.00     5.00
40142473     73.00   518.00
40192353     64.00     0.00
002893      138.00     0.00
100573      234.00     0.00
401311*     136.00     1.00
002963*     118.00     1.00
401982E225  271.00    22.00
401298131   157.00     1.00
40005347     56.00     0.00
001891E79    95.00   573.00
10041192    111.00     5.00
100412173   208.00    57.00
100441119   143.00     5.00
400311*94   113.00     0.00
401328*74    89.00     1.00
000961*76    91.00     0.00
400746113   136.00     6.00
001572*134  161.00     0.00
001403*      69.00     0.00
401595*       6.00     0.00
00094859     66.00   518.00
00094978     94.00   180.00
001237123   148.00   250.00
003068171   205.00     0.00
400704283   340.00   314.00
00094640     48.00   527.00
401853248   298.00   445.00
400918       14.00     0.00
400052*      71.00     0.00
400476*      64.00     3.00
400051E     104.00   263.00
100512*      55.00     0.00
100513       99.00   722.00
100510*     101.00     0.00
100511      143.00    95.00
100514E103  103.00 1,264.00
100515*      60.00     0.00
100509      112.00   387.00
400901E133  133.00   523.00
400203*     113.00     2.00
400235      117.00     4.00
100508*      86.00     1.00
400113E     126.00   356.00
402243      171.00   160.00
400114*     101.00     0.00
400173*      97.00     3.00
402182      244.00    43.00
402181      314.00    72.00
00293392    111.00     1.00
400377108   130.00     0.00
400411116   139.00     0.00
401865       11.00    83.00
401697       10.00     0.00
001105*     188.00     0.00
100399*134  161.00     0.00
003099*246  295.00     0.00
400043*82    99.00     0.00
001541*     149.00     1.00
402006       99.00     0.00
001292       93.00     0.00
402258327   327.00    56.00
40044894    113.00    10.00
400383*199  239.00     0.00
400385*264  317.00     0.00
400384*237  284.00    -1.00
402088231   277.00    37.00
402089231   277.00    18.00
400838*77    92.00     0.00
400836192   230.00     0.00
401258*211  253.00     0.00
401257*192  230.00     0.00
401453E166  200.00   159.00
400837E166  200.00   168.00
402155206   248.00   118.00
402152206   248.00    93.00
401722E282  338.00   163.00
402157110   133.00   129.00
402154110   133.00    85.00
401622165   198.00    10.00
401621165   198.00    12.00
402216E191  229.00    53.00
401961206   247.00    82.00
400330*289  347.00     0.00
400332*181  217.00     0.00
400224*107  129.00     0.00
100044*186  223.00     2.00
100344*139  167.00     0.00
400437*      11.00     0.00
002882*145  174.00     0.00
40072698    118.00     0.00
401889136   163.00    10.00
401888136   163.00     4.00
000087*23    28.00     0.00
002871*85   102.00    10.00
000113*32    39.00     2.00
003044*147  176.00    26.00
003142*104  125.00     0.00
001432173   208.00     0.00
100324290   348.00    22.00
402116287   344.00    13.00
402115287   344.00    14.00
002872*157  188.00     6.00
401378*142  170.00     1.00
003041*57    68.00     0.00
400802E148  178.00    40.00
100580*178  214.00     0.00
001167*221  265.00     0.00
400957*27    32.00     1.00
401858100   120.00    71.00
400246*     255.00     0.00
400538*      68.00     0.00
402388E     245.00   367.00
401491      243.00     2.00
402365E248  248.00    88.00
401654       39.00     5.00
402061       49.00     6.00
401936       54.00    10.00
402131       42.00   691.00
402130      245.00    72.00
401564*     299.00     1.00
003077       39.00     2.00
002647       45.00     0.00
003078      248.00     0.00
401368      279.00     6.00
400095      336.00     0.00
401524      292.00     1.00
001201      199.00     0.00
002896       39.00     0.00
100527      248.00     0.00
000196       29.00     2.00
001712       39.00     4.00
000007       44.00     0.00
100049       54.00     1.00
001137       32.00     0.00
002909      148.00     2.00
402047       54.00     4.00
402183       61.00     2.00
400045      319.00     6.00
000975      126.00    12.00
100445*     199.00     0.00
001044E      59.00   171.00
400450*       7.00     0.00
402363      578.00    11.00
401403      578.00     6.00
402361729   812.00     9.00
402360E729  812.00    38.00
402362      950.00    14.00
402036      950.00    27.00
402359E     507.00    16.00
402358E     507.00   142.00
402035      459.00     0.00
400705E499  545.00    45.00
400622E499  545.00    48.00
100429      604.00    41.00
100428E     604.00    24.00
100439*     538.00     0.00
100476      999.00    22.00
100478    1,072.00     2.00
401873      999.00     8.00
401932    1,749.00     6.00
401876    1,099.00     0.00
100464      499.00    43.00
100463      499.00     1.00
401915      499.00    16.00
401848    1,099.00     0.00
401847    1,223.00    65.00
100012      618.00    30.00
100010      618.00     1.00
401843      740.00    35.00
401842      740.00    30.00
000169*     499.00     0.00
001705*   1,078.00     0.00
001718*   1,078.00     0.00
401951    1,320.00     6.00
401952    1,569.00     0.00
002116*     399.00     0.00
400478*     459.00     0.00
401441       11.00    10.00
401559*       0.01     0.00
4021099      11.00     0.00
401281E8361,003.00    45.00
401264836 1,003.00    37.00
100557*317  381.00     0.00
401514327   393.00     0.00
401401287   344.00     0.00
401400*374  449.00     0.00
001972*234  281.00     0.00
100108*534  641.00     0.00
401607*529  635.00     0.00
401219*604  725.00     0.00
401218604   725.00     0.00
401020E147  177.00    49.00
400154*202  242.00     0.00
400539*212  255.00     0.00
400155*257  308.00     0.00
455776226   271.00    -3.00
402184123   148.00    62.00
002298*188  226.00     0.00
002196*206  247.00     0.00
400313181   217.00    35.00
400970181   217.00    13.00
402062E276  331.00    35.00
401327335   402.00     0.00
401394320   384.00     0.00
401532394   473.00     0.00
401738E505  606.00     1.00
401600E504  606.00    39.00
401983E504  606.00    44.00
100490324   389.00     0.00
100491324   389.00     0.00
400732217   261.00     0.00
402191189   227.00     4.00
400998E264  318.00    34.00
401898E264  318.00    45.00
401560E264  318.00    55.00
401528322   387.00     1.00
402135392   471.00     6.00
401967E392  471.00    59.00
401968E392  471.00    12.00
100387321   385.00     0.00
100388*388  466.00     0.00
001206*437  524.00     0.00
400612*563  676.00     0.00
001142*120  144.00     0.00
003057*162  195.00     0.00
401096*332  399.00    -1.00
400373*382  458.00     0.00
401092*292  350.00     0.00
400139*198  238.00     0.00
400003*356  427.00     0.00
401946E777  933.00    42.00
401947E777  933.00    36.00
401099711   853.00     2.00
400225711   853.00     0.00
003112*646  775.00     0.00
402213E112  135.00   369.00
100446207   249.00    62.00
401676E207  249.00   181.00
002624E347  416.00    49.00
100462*      20.00     0.00
402177        1.50     0.00
401613974 1,169.00     0.00
002868*      44.00     1.00
040017*       0.00     0.00
401405       69.00   275.00
400176*      55.00     0.00
402107       66.00     0.00
401965       75.00   168.00
401576*      55.00     0.00
402390E      68.00   120.00
401325       51.00     0.00
40004869     69.00   426.00
001486*      71.00     1.00
401907       55.00     0.00
100503*      52.00     1.00
401462      215.00     1.00
400412*     250.00     2.00
401242      215.00     0.00
100076*   2,332.00     0.00
400853       58.00     0.00
002903*      50.00     1.00
002024*      31.00     0.00
402217       52.00   120.00
001193       46.00   567.00
100496*      33.00     1.00
401580       42.00     3.00
400142       44.00     1.00
401537       67.00   268.00
401324       34.00     0.00
001196*      19.00     3.00
100583       38.00     0.00
401650       49.00     5.00
401641       55.00     0.00
401934       84.00     0.00
002867*      57.00     0.00
001561*      48.00     0.00
001562*      39.00     1.00
401354*      48.50     0.00
400392       75.00     0.00
002890*     101.00     0.00
001052      913.00    17.00
400253*     803.00     0.00
402141      229.00    17.00
402137      229.00     4.00
400919112   112.00   104.00
400568259   311.00     5.00
003134197   237.00     0.00
400824       99.00    29.00
401460*      25.00     3.00
001144*      23.00     5.00
40012015     18.00     2.00
40205116     19.00    66.00
40205019     23.00     0.00
40205243     52.00    95.00
40205362     75.00    24.00
400121*18    22.00     0.00
401527*      14.00     9.00
40095620     24.00    46.00
40095516     19.00    10.00
40185932     39.00    35.00
40195717     20.00     0.00
40187518     22.00     1.00
40129518     22.00    13.00
40185737     45.00    77.00
40195062     75.00     0.00
40095425     30.00    16.00
40188590    108.00    23.00
401884122   147.00     5.00
001065*67    80.00     0.00
001113*80    96.00     0.00
001122*55    66.00     0.00
100498*82    99.00     0.00
100416123   148.00     2.00
402080       30.00     0.00
402081       10.00     0.00
401737      100.00    47.00
400904       21.00     6.00
401079      249.00    19.00
401408E     199.00   108.00
400396*     199.00    15.00
400474*     299.00     3.00
401878      449.00     7.00
401297*     535.00     2.00
400257*     199.00     1.00
400428*     259.00     1.00
400427*     199.00     5.00
401473*     299.00     0.00
400803*     399.00     3.00
400092*     299.00     2.00
401502*     599.00     6.00
400109*     279.00    22.00
400237*     399.00    -1.00
401316*     299.00   -18.00
401407*     299.00     9.00
400262*     329.00    16.00
401554*     259.00     0.00
400123      125.00     3.00
003107       30.00     5.00
003013       91.00     9.00
402166E     153.00    73.00
401734E      27.00    85.00
401309E29    29.00   722.00
002863E      29.00   125.00
402165E      33.00   167.00
401990E     164.00    69.00
100402*     499.00     4.00
002959*     182.00     0.00
003048*     322.00     0.00
002960*     323.00     0.00
401395*     839.00    -1.00
401446      499.00     1.00
400413      799.00    -1.00
401664*     229.00     2.00
401602*     549.00     3.00
402178E     499.00   313.00
402179E     499.00   174.00
401396*     299.00     0.00
401711      999.00    18.00
401304*     229.00     7.00
401586      349.00    12.00
402069E     499.00    86.00
401492*     199.00     0.00
400204*     339.00     4.00
401515E     299.00    11.00
400238*     399.00     1.00
400077      399.00     3.00
400064*     399.00     6.00
401796      449.00    35.00
400388*     289.00    11.00
401610E     199.00   889.00
401720      499.00     5.00
401380      849.00    34.00
402123      949.00   245.00
400821*     399.00     4.00
402261    1,129.00     0.00
402372      749.00     0.00
401918      679.00     3.00
401883       69.00    23.00
402031       50.00    54.00
402220       50.00     0.00
402027       50.00   218.00
402026       50.00   108.00
402028       50.00   114.00
402029       50.00   227.00
402148       50.00    13.00
402030       50.00    87.00
402149       50.00    51.00
402219       50.00     0.00
402375       51.00     0.00
401730      156.00     0.00
402020E     118.00    34.00
100470E      43.00   329.00
401488E43    48.00   227.00
401432E     152.00    54.00
400126       75.00    38.00
401927E      35.00   195.00
401237       51.00     1.00
402007E     255.00    50.00
001060      129.00    16.00
400116      156.00     0.00
400366*48    58.00     0.00
400505*48    58.00     0.00
401392*      51.00     0.00
400765*      35.00     0.00
400769*      51.00     0.00
400766*      37.00     0.00
400767*      37.00     0.00
400768*      45.00     0.00
4010160       0.00     0.00
002962*      77.00    67.00
002992*139  167.00     0.00
400334*108  130.00     0.00
002600*11    13.00     0.00
002601*11    13.00     0.00
400920*48    58.00     0.00
400937*48    58.00     0.00
100336*      95.00     0.00
001507*72    86.00     0.00
002657*46    55.00     1.00
001466*60    72.00     0.00
001509*108  130.00     0.00
001512*201  241.00     1.00
002956200   240.00     1.00
400914112   135.00     0.00
001160142   171.00     1.00
001515207   249.00     1.00
001455*130  156.00     0.00
001156390   468.00     0.00
001465*113  136.00     0.00
002627*37    44.00     0.00
001519*35    42.00     1.00
002656*72    86.00     0.00
001522*31    37.00     0.00
001161*82    98.00     0.00
001321*83   100.00     1.00
001159232   279.00     3.00
001157*108  130.00     0.00
002921*56    67.00     3.00
002917*48    58.00     0.00
002598*95   114.00     0.00
001523*42    50.00     0.00
001524*95   114.00     0.00
002948*110  132.00     0.00
001529*150  180.00     1.00
001530*161  193.00     0.00
100134*177  212.00     0.00
00305962     75.00     0.00
400168*59    71.00     0.00
001548*17    21.00     0.00
002818*22    26.00     1.00
00281926     31.00     1.00
001270*600  720.00     0.00
001245*86   103.00     0.00
100339*48    58.00     0.00
001162*47    56.00     0.00
002786*54    65.00     0.00
001250*66    79.00     0.00
002682*5      6.00     0.00
002602*5      6.00     0.00
002603*12    15.00     0.00
002604*8     10.00     0.00
002626*9     11.00     0.00
002605*18    22.00     0.00
002589*23    28.00     0.00
002590*692  831.00     0.00
002953*2      3.00     0.00
002591*2      3.00     0.00
001602*4      5.00     0.00
001603*4      5.00     0.00
0016048      10.00     0.00
00160512     14.00     0.00
002814*19    23.00     0.00
0016066       7.00     0.00
002592*3      4.00     0.00
003113*17    20.00     0.00
002620*17    20.00     0.00
100147*74    89.00     2.00
100158*80    96.00     0.00
100084*116  139.00     0.00
100083*257  308.00     0.00
40050157     68.00     0.00
100210*74    89.00     0.00
100082*56    67.00     0.00
10021499    119.00     0.00
100086*162  195.00     0.00
100096*135  162.00     0.00
100187*44    53.00     0.00
40083451     61.00     0.00
100216*154  185.00     0.00
100238*13    16.00     1.00
40010020     24.00     0.00
100244*26    31.00     0.00
100085*46    55.00     0.00
400441*51    61.00     0.00
100092*4      5.00     0.00
100093*4      5.00     0.00
100319*7      9.00     0.00
100094*12    14.00     0.00
100095*0      0.00     0.00
100323*27    32.00     0.00
100271*2      3.00     0.00
100091*4      5.00     0.00
100087*6      7.00     0.00
100090*8     10.00     0.00
100089*4      5.00     0.00
100088*3      4.00     0.00
400304*64    77.00     0.00
40051538     46.00     0.00
400273*4      5.00     0.00
400275*20    24.00     0.00
400517*3      4.00     0.00
401536E      67.00   120.00
001003*      69.00     0.00
402106       62.00   181.00
401577       36.00   525.00
401002*      44.00    40.00
001579       39.00     0.00
100504*      41.00     1.00
002825*      66.00     0.00
0011182       2.00     0.00
0011172       2.00     0.00
0011166       7.00     0.00
1000507       8.00     0.00
4020347       9.00     0.00
001407*7      8.00     0.00
001323*11    13.00     0.00
001010*     129.00     0.00
001534*      45.00     0.00
400799*      51.00     0.00
401381*      47.00     0.00
401867       32.00     0.00
401866       40.00     0.00
401574*      42.00     1.00
001975*      43.00     0.00
001881*      40.00     2.00
401572*      37.00     5.00
001539*      37.00     0.00
100501*      32.00     0.00
100029*32    38.00     7.00
003036*      70.00     0.00
401420*     474.00     2.00
401427*     380.00     0.00
401265429   429.00   403.00
400451*     399.00     6.00
401788539   539.00    66.00
40196910991,099.00    52.00
002098*     399.00     1.00
002206479   479.00     6.00
402075      649.00    17.00
001111      599.00     4.00
401078*     499.00     0.00
400255      399.00     0.00
402197    2,135.00     0.00
402257E   1,299.00    18.00
100506*     998.00     0.00
400604    1,299.00     4.00
401954E     649.00     7.00
402076      491.00     0.00
002038      399.00     0.00
401598E479  479.00   647.00
000156*     399.00     0.00
401367      529.00     0.00
002065      499.00     1.00
401599E589  599.00   563.00
002039*     499.00     0.00
400119E   1,199.00    14.00
00131611991,299.00     1.00
400859    1,199.00     0.00
401808    4,073.00     1.00
003052    2,299.00    19.00
400323*   4,770.00     0.00
402145    5,490.00     0.00
402104      199.00   124.00
002607      499.00     1.00
003012*     599.00     0.00
401417*   4,890.00     0.00
400227*     190.00     1.00
001538*     359.00     3.00
100102*      17.00     0.00
402254E      62.00   967.00
400572E55    55.00 6,482.00
10051748     48.00 3,834.00
100518E      67.00 1,000.00
40143671     71.00   544.00
400061*      51.00     7.00
100519       51.00     8.00
100520*      83.00     1.00
400738*      32.00     1.00
400739*      46.00   291.00
002630*      50.00    83.00
400558*      35.00     0.00
400559*      47.00     2.00
400565117   117.00    40.00
40056465     65.00    35.00
002203*      19.00    18.00
002003*      32.50   139.00
000974*      53.00    13.00
000139*      59.00     7.00
002007*      28.00    11.00
002680*      49.00    10.00
003122*      43.00     8.00
400895      339.00     0.00
001041*     299.00     0.00
001219*     299.00     0.00
001588*     299.00     0.00
100098*     299.00     0.00
100579*     299.00     1.00
100004      299.00     1.00
400135*     339.00     1.00
001775*     299.00     1.00
001834*     299.00     0.00
001276E     421.00    85.00
003141*     299.00     0.00
400414*     416.00     0.00
401474      379.00     0.00
400702E     479.00     0.00
001594*     299.00     0.00
100410*     299.00     2.00
400976      479.00     1.00
400797E179  219.00   582.00
400825      178.00    11.00
401235*     459.00     0.00
100363      459.00     0.00
002906      399.00     3.00
401585      459.00     1.00
401234      459.00     1.00
401236      459.00     1.00
401584      459.00     0.00
002907      124.00     0.00
400709      104.00     0.00
401101      199.00     9.00
401429      199.00    12.00
401430      199.00    18.00
401795      199.00    16.00
002905      299.00     0.00
401706619   619.00   233.00
002594*     249.00     1.00
401879619   619.00    81.00
002223*     119.00     3.00
401880      279.00    43.00
002634      219.00     4.00
003005*     417.00     0.00
401976285   285.00    43.00
401881499   499.00     1.00
401404      890.00     2.00
401268      790.00     0.00
457331        0.01    98.00
457388        0.01   171.00
100524      183.00     8.00
402119       85.00    62.00
400628*      79.00    70.00
400860*      84.00    22.00
